-9.92837233846 11.1478956715 2.35175606872 2.37000087688 2.27108264437 2.22638197683 2.37258986974 0.047085770234 -0.0698289052351 -0.0339857224039 0.018525178373 -0.0508174447094 0.0589048622548 14.1421356237 0.0 2.358968071 2.35208122815 2.3541925659 2.35728571327 2.35320109561
-9.25922658417 11.6609435799 2.20487707838 2.4365747156 2.15218164795 2.29607512209 2.51064989977 -0.0166833991898 0.0822835880291 -0.0279444882924 -0.0257078331526 0.120205966615 0.0589048622548 14.0688482342 0.828244401992 2.35798533767 2.35692813157 2.35254649966 2.3557713969 2.36028181152
-8.66505161906 12.1671860665 2.22112493526 2.15901112943 2.37766545415 2.34548548796 2.54727556139 -0.0226849365062 0.00401165212053 -0.0629051648862 0.027611000253 0.111378864604 0.0589048622548 13.8527327476 1.62821415484 2.35664908461 2.35716443738 2.34884107959 2.35739781907 2.36684256819
-7.82238654596 12.5747887912 2.35692453255 2.40460986682 2.2955468468 2.26147870753 2.55030450128 -0.00954369448006 -0.0495303119174 0.0336514992013 -0.0662041232236 0.0583245069119 0.0589048622548 13.504545092 2.37404878938 2.3560869146 2.35424686118 2.35082331651 2.35349807431 2.37027816524
-7.10752229175 12.4697637856 2.39916794861 2.12982368291 2.34028581816 2.44848495092 2.45265811538 0.00935614488999 0.130580376363 0.0178750024182 -0.0514902402268 0.0384254548477 0.0589048622548 13.040711077 3.04429354232 2.35663803703 2.36193868026 2.35187624107 2.3504650488 2.37254161137
-6.26135767363 12.6625625989 2.30131842397 2.27747505709 2.29970601053 2.27592460604 2.33191694223 0.0245646774654 -0.0572913972919 0.0662339331205 -0.0153133773298 -0.0462409501737 0.0589048622548 12.4814299016 3.62316785065 2.35808501597 2.3585639384 2.35577774178 2.34956301642 2.36981779456
-5.55923444771 12.4855648673 2.15041692673 2.5261641629 2.26549438147 2.53144964885 2.23488012958 -0.0555121637264 -0.0475768969783 -0.0214576254651 0.00318727963958 0.00488646858645 0.0589048622548 11.8486019429 4.10100323495 2.35481507961 2.35576142784 2.3545137833 2.34975076269 2.37010563132
-4.48501163617 12.2803881341 2.27236194756 2.47864890755 2.31580676669 2.20453767894 2.41812450268 -0.0111337556652 -0.0385789161266 0.036744759562 -0.0901017056862 0.0527528864903 0.0589048622548 11.1639311631 4.47393238646 2.35415924727 2.35348894209 2.3566782283 2.34444333412 2.37321303284
-3.99042088025 11.8698749971 2.21358443037 2.35940649001 2.51610578243 2.39454005823 2.41670198377 0.00557424676404 -0.0199687043588 -0.0438264117539 -0.0375663226767 -0.0660358103667 0.0589048622548 10.4474405678 4.74303876437 2.35448759751 2.35231268832 2.35409663956 2.34223049506 2.36932320252
-3.47471924845 11.4680870205 2.39165797463 2.45544663673 2.2906339258 2.33602667109 2.35192976948 0.00926565903127 -0.0210790510452 0.0468777791599 0.0615115039927 0.0626870602319 0.0589048622548 9.71650066916 4.91322020679 2.35503338988 2.35107102972 2.35685796868 2.34585382173 2.37301577517
-2.71276932921 10.8934974245 2.35716800809 2.41177389444 2.33569032358 2.40083710285 2.42190340835 -0.0442481281975 -0.0228802926425 -0.0961486601396 0.102207682886 0.0101858073628 0.0589048622548 8.98535253213 4.99199440004 2.35242695998 2.34972326923 2.3511943451 2.35187435121 2.37361576875
-2.07024771571 10.7791372875 2.49737650252 2.31300483771 2.40397974749 2.3248962177 2.37374273739 0.0521141966735 0.00751137412835 0.0311687750307 0.0230974386269 0.0131498026401 0.0589048622548 8.26503260352 4.98840953829 2.35549673956 2.35016572569 2.3530303375 2.35323490265 2.37439035606
-1.82468915335 9.9618492909 2.326502879 2.23102605638 2.12189513553 2.4879461378 2.42952391886 0.0147417120695 0.0447531389931 -0.0110115858306 -0.094813654299 0.0265564461389 0.0589048622548 7.56357760171 4.91215071183 2.35636509807 2.35280190318 2.35238170155 2.34764991741 2.37595465987
-1.45596592329 9.39326434145 2.37456261823 2.24862990722 2.30052136838 2.31289910329 2.46006310991 -0.000291037958537 0.067390068863 -0.0289824054983 0.010990255721 -0.0505412559149 0.0589048622548 6.88639238505 4.77287153561 2.35634795452 2.3567715059 2.35067449695 2.34829729691 2.37297753415
-1.32301851441 9.04408028005 2.37891254543 2.37193046481 2.59745896549 2.29627389131 2.44125234743 -0.00734369690188 -0.00293966000353 -0.00239392227926 -0.0451774995796 0.0389414910226 0.0589048622548 6.23668654109 4.57973931142 2.35591537507 2.35659834563 2.35053348329 2.34563612252 2.37527137731
-0.943547561089 8.16968523578 2.42747841764 2.41889590621 2.35053377512 2.30536481837 2.43542255629 -0.0464747058303 -0.0518865202603 -0.0106208518644 -0.048398897729 -0.0622966851179 0.0589048622548 5.6159137672 4.34116004723 2.35317778892 2.3535419773 2.34990786347 2.34278519211 2.37160179966
-0.609379232178 7.72738803305 2.25653081755 2.33462620798 2.3209795417 2.27137017001 2.39676791343 0.0459387570289 -0.0456949879131 -0.0435647890834 0.0259839439971 -0.0155118289258 0.0589048622548 5.02417410952 4.0646422373 2.35588380508 2.35085032034 2.34734168557 2.34431577276 2.37068807751
-0.327326364692 7.35436210925 2.3550580375 2.17310193947 2.38513442158 2.46758561393 2.23879069122 -0.0639888083965 0.00513086414392 0.0035749349229 -0.10369506686 -0.0432214009555 0.0589048622548 4.4605593232 3.75675993401 2.35211455313 2.35115255318 2.34755226662 2.33820762913 2.36814212684
-0.27415679459 6.24822974758 2.4384444338 2.32224396037 2.40963062695 2.32824253438 2.35779648705 -0.0139922559273 -0.0154920326881 -0.022509173722 -0.145393164949 -0.0614415419878 0.0589048622548 3.92343544727 3.42318176175 2.35129034123 2.35023999713 2.34622636684 2.32964326477 2.36452292127
-0.241842969212 5.83348495253 2.62474082587 2.50965130704 2.45815637866 2.29199642734 2.38789373436 0.0205574238986 0.0145029371191 -0.0601590752985 -0.0820032573072 -0.0259509402368 0.0589048622548 3.41066507557 3.06874004922 2.35250127345 2.35109429064 2.3426827048 2.3248128742 2.36299428471
-0.202311409247 5.00990323354 2.27907630356 2.40143128719 2.2868349831 2.3560875654 2.36476187714 0.0261321947942 -0.0958982694725 0.040560531371 0.0450967097442 -0.0269515446021 0.0589048622548 2.91977616017 2.6975214339 2.35404058678 2.34544541629 2.34507191731 2.32746928967 2.36140670769
-0.196840180173 4.60986200616 2.20514759442 2.25471645234 2.21503311179 2.44408688095 2.27932693535 0.111454793795 -0.0389415755151 0.0123602917164 -0.00786030197074 -0.00042254465778 0.0589048622548 2.44808586356 2.31296632616 2.36060581606 2.34315156815 2.34579999859 2.32700627967 2.36138181776
0.0780089103719 4.16724835853 2.51450415477 2.32906413735 2.25838585501 2.30602111883 2.33885012939 0.0174104257962 0.0641867210715 0.0285667884001 0.00159860662065 -0.0441786448537 0.0589048622548 1.99278805806 1.91796930162 2.36163137479 2.34693247811 2.34748272133 2.32710044537 2.35877948077
-0.108929628083 3.37196613731 2.37107709903 2.40984359429 2.36392774686 2.28842527737 2.35108629011 -0.0123184884282 0.0485712887849 -0.0397526545472 -0.0124991487818 -0.0366658817827 0.0589048622548 1.55101232133 1.51497591698 2.36090575593 2.34979356319 2.34514109669 2.32636418473 2.35661968205
-0.0675335037024 2.88472866256 2.12963239746 2.28708989493 2.44294429938 2.29170864112 2.2607592426 -0.0196729584403 0.0116810504507 0.0475963552677 -0.0307717648011 0.0738807633158 0.0589048622548 1.11986118736 1.10607383784 2.35974692302 2.35048163385 2.34794475344 2.32455157816 2.36097161824
0.0889525488753 2.13541274758 2.34224155902 2.38492443105 2.36285383438 2.32247933487 2.32959532288 0.0884669874237 -0.0691579775323 -0.0339341294852 -0.0346852398494 0.0704534914924 0.0589048622548 0.696431278931 0.693077771969 2.36495805873 2.34640789271 2.34594586822 2.32250844889 2.36512167145
-0.0879086748418 1.57275291556 2.26706687891 2.14382740608 2.56194385736 2.3109124818 2.53665150873 -0.0541640165659 -0.00649830965294 -0.0661332085074 0.00473727413337 -0.0225353376542 0.0589048622548 0.277822928356 0.277608736947 2.3617675348 2.34602511068 2.34205030068 2.32278749737 2.36379423049
0.0682248468303 0.905593759189 2.41218168409 2.42222731408 2.40861702621 2.32449951371 2.38784759277 0.0918739904851 0.0389771184588 -0.0320802404998 -0.103134046936 -0.0717146372853 0.0589048622548 -0.138857934395 -0.138831168207 2.36717935955 2.34832105247 2.34016061853 2.31671240054 2.35956988966
0.0948497423024 0.257561043757 2.61205293078 2.40623526829 2.33144583784 2.19395591032 2.44882376133 0.0201318845289 0.0264150302578 -0.0452943821422 0.0436006911099 0.0869733662221 0.0589048622548 -0.556502453516 -0.554786942175 2.36836522544 2.34987702619 2.33749255919 2.31928069325 2.36469304381
0.17506586718 -0.36753524212 2.31173765192 2.29437498042 2.28931839768 2.18166801677 2.57997472389 0.0382602408202 -0.0219679250953 -0.0587527771619 0.000575570468242 -0.0161687179658 0.0589048622548 -0.978003284613 -0.968780068591 2.37061893965 2.34858300859 2.33403173494 2.31931459714 2.36374062771
0.0699898470983 -0.860844213069 2.26163272445 2.31287098328 2.15603025675 2.36292164999 2.38290777314 0.0276364481884 0.00626290843683 -0.00378481707828 0.0874752350596 0.0362470991003 0.0589048622548 -1.40625815343 -1.37923729733 2.37224686082 2.34895192435 2.33380879082 2.32446731382 2.36587575809
0.179832705326 -1.49085863635 2.42414118835 2.43654355685 2.45702203156 2.44130234813 2.34178329322 0.00224478672941 0.014225462898 0.0959303832057 0.00924152400438 -0.0143543516289 0.0589048622548 -1.84416981682 -1.78441704091 2.37237908968 2.34978987328 2.33945955682 2.32501168451 2.36503021698
0.170615862792 -2.12944983194 2.35855514994 2.40418332071 2.30323020128 2.18856030223 2.3400846331 -0.0673618354694 -0.0337236070102 0.0285790442156 -0.079209551713 0.0827457539979 0.0589048622548 -2.29463940483 -2.18233175852 2.36841115004 2.34780338886 2.34114300149 2.32034585678 2.36990434423
0.364760363881 -2.56600477128 2.22948908797 2.40835904995 2.33631505591 2.24081184286 2.36788459707 0.0126477302472 -0.0479562285718 -0.0835890010462 -0.0504237987981 0.0217526095393 0.0589048622548 -2.76054959212 -2.57066500833 2.36915616285 2.34497853382 2.33621920289 2.31737564986 2.37118567869
0.379112419973 -3.23183685607 2.42607379943 2.40141842933 2.3907360341 2.33657974345 2.34545606495 0.0397675476472 -0.0148993947793 -0.0763466613783 0.0497577246275 0.066161486517 0.0589048622548 -3.24473329119 -2.94668238928 2.37149866476 2.34410088702 2.33172201332 2.32030662177 2.37508291194
0.303830569494 -3.86786061568 2.6049264353 2.22773018917 2.40369511395 2.29249355749 2.40039104272 -0.0996220929335 0.00511785787589 -0.0153147937241 -0.0732308314278 0.0853612348492 0.0589048622548 -3.74992259912 -3.30713647982 2.3656304391 2.34440235373 2.33081989751 2.31599296974 2.38011110372
0.434682757665 -4.56381854918 2.34158857408 2.21654066358 2.44562232762 2.10891801477 2.3900709737 0.0678726674342 0.0140403939443 -0.0161492903683 -0.0171899500797 -0.0439521350156 0.0589048622548 -4.27867162111 -3.64816727424 2.36962846923 2.3452294012 2.32986862578 2.31498039809 2.37752210927
0.791345853465 -5.20140739182 2.24551468572 2.49699397015 2.49090708598 2.38616926334 2.16136668213 -0.030596295248 -0.0335454716322 0.0537847652147 0.0533296614644 -0.0634759560738 0.0589048622548 -4.83324566572 -3.96520172107 2.36782619867 2.34325340982 2.33303680997 2.31812177446 2.37378306682
1.13476806184 -5.64016629287 2.2628970907 2.3445245047 2.22329659442 2.32599868326 2.33605954294 0.0223579255646 -0.0562106679283 0.00715973755293 -0.031574676763 0.0108669935034 0.0589048622548 -5.41546839965 -4.25285902289 2.3691431892 2.33994232817 2.33345855332 2.31626187247 2.37442318557
1.09217717753 -6.41145818342 2.33241905823 2.49449927411 2.44008469322 2.44788104285 2.26072061903 -0.107142903677 0.00933716657958 0.0696845045251 -0.0251952198492 -0.0313905049519 0.0589048622548 -6.02651828523 -4.5048726002 2.36283195121 2.34049233268 2.33756330946 2.31477775152 2.3725741322
1.53692183392 -6.89637412348 2.25319476785 2.30241068132 2.35727324866 2.34075918345 2.21769328843 -0.00835676395551 0.0230699908081 -0.0577404977911 0.028978235184 0.103668148649 0.0589048622548 -6.66666666667 -4.71404520791 2.36233969718 2.34185126731 2.3341621134 2.31648471047 2.37868069022
2.06205985902 -7.47643929642 2.3222106191 2.42646953462 2.38110268018 2.40372066435 2.3954477153 -0.00481091731062 -0.0113948712418 0.111884150715 -0.0621674413983 -0.00347157622581 0.0589048622548 -7.33495319525 -4.87226054191 2.36205631076 2.34118005399 2.34075263388 2.3128227459 2.3784761975
2.35531441444 -8.02773158411 2.50620576396 2.38762446036 2.32293418184 2.40746164678 2.38404310804 0.00803345823753 -0.0173522518725 0.0267721913736 -0.0211915211931 0.0209733409913 0.0589048622548 -8.02880116592 -4.97058222203 2.36252952051 2.34015792198 2.34232964613 2.31157446226 2.37971162926
2.95317003996 -8.65820265851 2.35033060475 2.43144705585 2.3245834071 2.23128187059 2.3950740032 0.0203788454652 -0.0248952299513 0.0349610606387 0.029818194937 0.0255407753448 0.0589048622548 -8.74358721147 -4.99947789672 2.3637299336 2.33869147189 2.34438902259 2.31333089893 2.38121610511
3.26997161477 -8.86901563509 2.33412596525 2.5304500165 2.20105074195 2.34247238752 2.2976177105 -0.0209513759266 -0.0240421209782 0.0232400156538 -0.00102986250208 -0.0254792164181 0.0589048622548 -9.47219783846 -4.9492097753 2.36249579568 2.33727527407 2.34575797251 2.31327023502 2.37971525538
3.93839361828 -9.37208271407 2.36689816172 2.43380822382 2.393615692 2.15766847622 2.32934378161 -0.0133104426268 0.0504442082464 0.025513351916 0.00763110158116 0.0199724260653 0.0589048622548 -10.2046295609 -4.81042907554 2.36171174589 2.3402466832 2.34726083299 2.313719744 2.38089172839
4.56738960424 -9.72129912267 2.35001567757 2.25205041271 2.40103923891 2.30266258007 2.29474433521 -0.0137032147292 -0.0159358296531 -0.0451456595893 0.0163139741101 0.0163813833681 0.0589048622548 -10.9277175694 -4.57499536948 2.36090455992 2.33930798535 2.34460153413 2.3146807164 2.38185667152
5.12875378169 -10.0581397878 2.29923342661 2.37138027749 2.2410180881 2.17496531726 2.47913912174 -0.12045357988 0.0222823176206 0.0116025270319 -0.0385604186397 -0.0712905402305 0.0589048622548 -11.6251037114 -4.23700736084 2.35380925839 2.3406205222 2.34528497939 2.31240932025 2.37765731207
5.98018720956 -10.2668353212 2.2598862406 2.34436255209 2.35315408436 2.27122175981 2.24365612619 -0.112611763491 0.0339117332622 0.0348134204599 0.0434920341409 -0.037369476672 0.0589048622548 -12.2775669229 -3.79397682876 2.34717587797 2.34261808818 2.34733565912 2.31497121253 2.37545606819
6.64788398013 -10.0215522267 2.23896773472 2.2648119804 2.19363520022 2.3332285535 2.54295294083 0.00822423156936 -0.0699217787721 -0.0279753401472 -0.00816727184715 -0.0153110062152 0.0589048622548 -12.8638231835 -3.24800700204 2.3476603252 2.33849935543 2.34568777557 2.31449012051 2.37455417548
7.56578425521 -10.3907519701 2.33053887421 2.30582699453 2.37603250534 2.31372395569 2.45234463633 0.0752395657204 0.0713981342477 0.0372597358724 0.0097033266818 -0.0651202171004 0.0589048622548 -13.3618435639 -2.60676636361 2.35209230145 2.3427050527 2.34788255517 2.31506169363 2.37071827806
8.30840712847 -9.82872027236 2.4552656988 2.34360422899 2.57328054858 2.36613893639 2.45740524154 -0.011091536511 -0.00757963468666 0.0112000082901 -0.0412082966261 -0.0328951048399 0.0589048622548 -13.7506338098 -1.88400653789 2.35143895602 2.34225857536 2.34854229012 2.3126343246 2.36878059644
8.99980105214 -9.65936984052 2.27167158231 2.37183945911 2.17221658033 2.28674029678 2.45984331102 -0.0627812922181 -0.0314843850653 -0.0504332804238 -0.0100732519577 -0.0337048548477 0.0589048622548 -14.012282912 -1.09939104635 2.34774083265 2.34040399199 2.34557152468 2.31204096108 2.36679521661
9.64139681683 -9.00617437598 2.2653671197 2.2356303578 2.36191438464 2.15877039123 2.38789873596 -0.0160105772045 -0.0463181156477 -0.0230458862742 -0.0148420945881 -0.0229671632206 0.0589048622548 -14.1339612066 -0.27750184758 2.34679773181 2.33767562977 2.34421400993 2.31116668954 2.36544233902
10.4840876128 -8.43632603809 2.33341791541 2.13245588936 2.38145947972 2.43228931837 2.37272314993 0.0392572979014 0.0156064721734 -0.000493709060584 -0.0163982102826 -0.00823602772615 0.0589048622548 -14.1094851328 0.553935786767 2.34911017753 2.33859492687 2.34418492806 2.31020075522 2.36495719694
10.7674593921 -7.68401404065 2.38285519936 2.53734054614 2.3436199884 2.25980466593 2.21574771419 -0.0320684076546 -0.0757938093145 -0.00276556251672 -0.00495706851042 0.0673203144959 0.0589048622548 -13.9401097255 1.36636969117 2.3472211924 2.33413030297 2.34402202298 2.30990875978 2.3689226908
11.0210005915 -7.11207788622 2.43804854213 2.42084910856 2.27711740668 2.16199764792 2.42151519932 -0.00557178996532 0.0229387215351 -0.0434199270434 0.0108884788215 0.0257111704827 0.0589048622548 -13.6343657868 2.13288471802 2.34689298688 2.3354815052 2.34146437816 2.31055014413 2.37043720375
11.3857749374 -6.25443892745 2.25651076129 2.34609697474 2.40711179831 2.43129751049 2.32256201549 0.0458216564554 -0.0289210819184 0.0121402078527 -0.0481132539692 0.0173680463957 0.0589048622548 -13.2069799361 2.83037668466 2.34959210524 2.33377791285 2.34217949543 2.30771603953 2.37146026613
11.3107713112 -5.27701978184 2.30264783786 2.2293426041 2.25427819384 2.27516622267 2.25525124344 0.002106811339 0.0209247174824 0.00662881134384 0.0157940927236 -0.0199538458241 0.0589048622548 -12.6771230976 3.44108399662 2.34971620667 2.33501048045 2.34256996465 2.30864638839 2.37028488759
11.2589480279 -4.78632984853 2.28054550258 2.54847264034 2.24055867581 2.20464750004 2.32080486174 -0.0334002590499 0.0441541050829 -0.0407200602117 -0.0444017206263 0.119771127617 0.0589048622548 -12.066354264 3.95330181417 2.34774876901 2.33761137193 2.34017135511 2.30603091115 2.37733998937
11.196505823 -4.00989197658 2.3022370894 2.37299577738 2.19323687347 2.40505346107 2.35801335353 -0.00149003331757 0.0148915628556 0.00229353809311 0.00376165658684 -0.015512844277 0.0589048622548 -11.3966315933 4.36130209551 2.34766099881 2.33848855739 2.34030645566 2.30625249101 2.37642620741
10.8471322254 -3.13035797602 2.44585515137 2.32864585507 2.36573247699 2.39494712764 2.4013735204 -0.012388107712 0.019655737085 0.0659420958567 -0.0597515776118 -0.024396683777 0.0589048622548 -10.6886722864 4.66463535632 2.34693127903 2.33964637588 2.34419076573 2.30273283256 2.37498912411
10.4893412604 -2.60837044612 2.531013826 2.33879783331 2.43372368883 2.29143717407 2.34342378566 0.0127849755155 0.0310226910278 -0.0380868064995 -0.0721173090685 -0.0377881261623 0.0589048622548 -9.96080703523 4.86706189987 2.34768437625 2.34147376322 2.34194726764 2.29848477241 2.37276321975
9.8109036764 -1.91414395385 2.32840595149 2.37300794762 2.37493625331 2.43862665314 2.47500234611 -0.0778906124469 0.0195139328211 0.0869639615837 0.0267347890486 0.0550610525395 0.0589048622548 -9.22834584581 4.97535490255 2.34309624045 2.34262322874 2.34706986782 2.30005958147 2.37600658346
9.59130516371 -1.5458086667 2.31710951614 2.39220755876 2.44776770914 2.44257783924 2.52228481583 -0.0186576942421 0.00730048328647 -0.0751584386066 0.037150818328 0.00677385665333 0.0589048622548 -8.50338187379 4.99816246002 2.34199721154 2.34305326271 2.34264267035 2.30224794531 2.37640559656
8.97729371644 -1.01634906884 2.41852543124 2.21732478182 2.39055909388 2.23005789853 2.35963054725 -0.0585357224743 0.0253989563612 -0.0138066451573 0.0608582496723 0.0126645392902 0.0589048622548 -7.79491671751 4.94504281621 2.33854917287 2.34454938473 2.34182939182 2.30583279212 2.3771515995
8.51376797535 -0.559053299712 2.49822260142 2.25471236341 2.20283297181 2.1065565324 2.35713450882 0.00476678230067 -0.0223154036072 -0.00405904593825 -0.0376000774263 -0.0175814597589 0.0589048622548 -7.10918577577 4.82572060473 2.33882995953 2.34323489896 2.34159029427 2.30361796474 2.37611596603
7.79703140041 -0.344016693301 2.20160059816 2.38005605517 2.5246099095 2.31452366094 2.49547758392 0.0602083818692 0.0553023247081 -0.0473777627082 0.0580791239089 -0.0211787338286 0.0589048622548 -6.45008066069 4.64956384328 2.34237652597 2.34649247478 2.33879951369 2.30703910754 2.37486843563
7.34619904354 0.00130620960205 2.31149751303 2.32529320783 2.32976983765 2.38053763366 2.44546198773 -0.0284220130348 -0.0297047775886 0.0431870986197 0.0801992838894 -0.042111715437 0.0589048622548 -5.81959326688 4.4252534375 2.34070233121 2.34474271894 2.34134344378 2.31176323531 2.37238785084
6.54223865855 0.394502506474 2.27990943168 2.38402203459 2.50049031685 2.37501115134 2.21372782858 0.0754664477824 0.0393259241751 0.0169464248667 -0.0846563575582 -0.0698904741365 0.0589048622548 -5.21823344696 4.16060530347 2.34514767192 2.34705920709 2.34234167061 2.30677656423 2.36827096208
5.94466845977 0.380711814521 2.32520172851 2.32714037891 2.35107711562 2.33746817692 2.50841718842 -0.0740763940374 -0.0778862686912 0.0737511547871 0.0594778123726 -0.0464749027639 0.0589048622548 -4.64539454606 3.8625044022 2.34078421213 2.34247132716 2.34668597222 2.31028009657 2.36553336434
5.42065727759 0.678199744077 2.47995763324 2.28791800928 2.16664600119 2.3372393731 2.26926994982 0.0548130941722 -0.0165518495604 -0.0379380333589 0.0892909590657 -0.00391567459843 0.0589048622548 -4.09965694664 3.53691501858 2.34401296989 2.34149634274 2.34445123759 2.31553976822 2.36530271207
4.62421216268 0.754093068018 2.19813955208 2.32458564835 2.49162467591 2.2864438177 2.4529926366 -0.0188203173579 -0.126317843365 -0.0298037949114 0.0449611855482 -0.0110925031959 0.0589048622548 -3.57902982911 3.188938928 2.34290436169 2.33405560758 2.34269564916 2.31818820066 2.36464930969
3.98535703633 0.993182052695 2.36320851683 2.31348507108 2.31169338285 2.56495097123 2.46890960617 0.00613187560678 0.00857687371506 -0.00774388884553 -0.00802429449115 0.0343516678245 0.0589048622548 -3.0811368926 2.82290051523 2.34326555898 2.33456082714 2.34223949645 2.31771553069 2.36667278995
3.40628366767 0.942038213992 2.60276824734 2.33597909838 2.24288051465 2.25326443923 2.40478184825 0.0111589292827 0.0522686611296 -0.0195909794901 0.0242857425119 -0.0698990476895 0.0589048622548 -2.60335421636 2.44244437012 2.34392287417 2.33763970543 2.3410854925 2.31914607901 2.36255539618
2.95789078774 0.987569187247 2.3965144879 2.38914939765 2.34856642859 2.40246999662 2.27194014687 -0.021601650681 -0.051370179036 0.108906054757 0.0293811463739 -0.0418162385591 0.0589048622548 -2.14290895694 2.0506360167 2.34265043191 2.33461375211 2.34750058866 2.32087677139 2.36009221641
2.56771303501 1.1837594401 2.36487640139 2.42548580741 2.50210608253 2.29429387667 2.30986502344 -0.0461525724278 0.0838875234522 0.0161689082154 -0.0339948638452 0.0897550972695 0.0589048622548 -1.69694703715 1.65006025544 2.33993182099 2.33955513512 2.34845301597 2.31887430862 2.36537922805
1.81324744584 1.10546084527 2.29098226983 2.39307498485 2.19430122917 2.54806044605 2.40315532621 -0.0568507108734 -0.0401576159412 -0.0275033389266 0.0075218698785 -0.030578848243 0.0589048622548 -1.26257696537 1.24291430897 2.3365830377 2.33718965629 2.34683293558 2.31931738333 2.3635779852
1.28168206511 1.04887784001 2.2347049941 2.32433613611 2.4626075767 2.25470555271 2.41720862542 -0.00758461603847 0.0275650084834 0.00407688419627 0.0467138402691 -0.00463342619484 0.0589048622548 -0.836895782124 0.831094802986 2.33613626693 2.33881336931 2.34707308388 2.32206905566 2.36330505387
0.587479069369 1.10822828194 2.2393979628 2.31990846533 2.24493589071 2.30064511355 2.36256228671 0.0852214428341 -0.0122230541353 -0.0352485396815 -0.0167219708969 -0.0213210697043 0.0589048622548 -0.417002061692 0.416278817563 2.34115622429 2.33809337199 2.3449967735 2.32108405026 2.3620491392
0.0329434271482 1.2646835971 2.27680594805 2.244896763 2.32871119432 2.58347241607 2.32519850975 -0.0278462478125 -0.0598832190204 0.00670600930631 -0.0408156223352 -0.0133094760126 0.0589048622548 -1.38777878078e-14 1.38777878078e-14 2.33951594489 2.33456595923 2.34539179006 2.31867981165 2.36126514635
-0.589306913262 1.1426726094 2.18723776728 2.20665790417 2.52629389307 2.38920472405 2.3075152147 -0.0629515335179 0.11546431571 0.0590878425836 -0.0303287850944 -0.0141297746854 0.0589048622548 0.417002061692 -0.416278817563 2.33580779348 2.34136736884 2.34887235129 2.31689329874 2.36043283392
-1.16023717771 1.19728711584 2.27461028186 2.36560948895 2.21890785605 2.32055514638 2.35824756019 0.026121523655 -0.0589763570413 0.0453851219762 -0.0140226441437 -0.0310882679531 0.0589048622548 0.836895782124 -0.831094802986 2.33734647824 2.33789337465 2.35154575565 2.31606729682 2.35860158377
-1.98843297347 1.30389135495 2.28139594829 2.37237679409 2.19155567111 2.36316995692 2.48035740814 0.0809672435775 0.0818345279469 0.0542583848831 -0.0181556674618 0.0872219958282 0.0589048622548 1.26257696537 -1.24291430897 2.34211584257 2.34271382625 2.35474183833 2.31499783973 2.36373938342
-2.38910330425 1.31502256678 2.41845039494 2.38370155399 2.22331670384 2.31589659839 2.28785833138 0.0140496434628 0.0270814538351 -0.0158562203176 -0.024594827582 0.0456047952109 0.0589048622548 1.69694703715 -1.65006025544 2.34294343488 2.34430905555 2.35380782986 2.3135490848 2.3664257276
-2.96459651592 1.18518952243 2.24550901118 2.40836240043 2.51968612612 2.36211253667 2.17151682928 0.0794159332839 -0.00457180910387 0.0586164671002 -0.0205830009113 -0.143054143366 0.0589048622548 2.14290895694 -2.0506360167 2.34762141949 2.34403975377 2.35726062478 2.31233664597 2.35799914299
-3.44414725863 1.31347541505 2.30402853031 2.2210979626 2.42743558263 2.33527194102 2.29372132967 -0.0600970176188 -0.0961975512663 -0.043624353753 -0.0183224517559 0.061008556558 0.0589048622548 2.60335421636 -2.44244437012 2.34408141295 2.33837325026 2.35469093823 2.31125736447 2.36159284361
-4.13713722386 1.3296384445 2.35129513542 2.33783859665 2.56274292433 2.27134027265 2.59478810678 0.0704385081849 -0.0271959605788 -0.0478292206232 -0.0515188200416 -0.0810022918809 0.0589048622548 3.0811368926 -2.82290051523 2.34823058357 2.33677127595 2.35187356458 2.30822265547 2.35682141477
-4.93916329193 1.28433443502 2.19722434208 2.39620293032 2.33289918415 2.512748723 2.25244487366 -0.0782076380615 0.026403849374 -0.0566696472127 0.0185493581054 0.0273050979761 0.0589048622548 3.57902982911 -3.188938928 2.34362377342 2.33832659106 2.34853544682 2.30931530286 2.3584298178
-5.3720775513 1.44690517148 2.35685868123 2.42018265423 2.35435993936 2.31298509168 2.2604695551 -0.00174345164603 0.103311704798 0.0100814902147 -0.0678411428269 0.0104170869093 0.0589048622548 4.09965694664 -3.53691501858 2.34352107564 2.3444121528 2.34912929561 2.30531912968 2.35904343487
-6.03437264005 1.78145351585 2.29320495847 2.3263870041 2.26588196622 2.41809634411 2.37701484824 -0.0790516834874 0.0660171363151 0.054327625807 0.0133745180369 0.0125232171491 0.0589048622548 4.64539454606 -3.8625044022 2.33886454711 2.34830088312 2.35232945692 2.30610695382 2.35978111325
-6.70168846122 2.21020791171 2.41636793076 2.5683096377 2.41565924067 2.44174271012 2.16326436106 -0.0422913271562 -0.0185918633592 0.0325198102423 0.000918332016101 0.0478500465412 0.0589048622548 5.21823344696 -4.16060530347 2.33637338231 2.34720573197 2.35424503187 2.30616104805 2.36259971366
-7.37105848558 2.2495248807 2.2838060864 2.33458429126 2.38652830324 2.34832996129 2.39814228788 0.0846467439884 -0.00837058266763 -0.0116994643909 0.0736201612957 -0.0419664201762 0.0589048622548 5.81959326688 -4.4252534375 2.34135948711 2.34671266395 2.35355587653 2.31049763351 2.36012768746
-7.71784057277 2.59007756006 2.28556095254 2.17979740251 2.17442699646 2.23528357508 2.46551766291 0.00136534170298 -0.0154057184246 0.00666398810311 -0.013334664908 -0.0776863125672 0.0589048622548 6.45008066069 -4.64956384328 2.34143991237 2.34580519223 2.35394841783 2.30971215691 2.35555158591
-8.44237411974 2.86944364557 2.41965312296 2.67614540091 2.2111691842 2.43471645772 2.533197548 0.0129953232051 -0.0309334384242 -0.00534394972814 0.0774472173035 -0.000944705609613 0.0589048622548 7.10918577577 -4.82572060473 2.3422054001 2.3439830623 2.35363363321 2.31427417457 2.35549593816
-8.92304857046 3.40807730093 2.30346812911 2.27601601076 2.26979332918 2.32316405876 2.46647766108 -0.0615332863109 -0.0366535168356 0.0822977148999 0.0177429617009 0.00796687951379 0.0589048622548 7.79491671751 -4.94504281621 2.33858079034 2.34182399194 2.35848136877 2.31531932129 2.3559652261
-9.67756898865 3.86760254178 2.25385403262 2.35478579522 2.31733911968 2.23028935073 2.39800650195 -0.0319130519617 -0.0470904491923 -0.0587864094717 -0.0215491164907 0.0196816458684 0.0589048622548 8.50338187379 -4.99816246002 2.33670095641 2.33905013552 2.35501856341 2.31404997355 2.35712457074
-9.98552773444 4.45254552589 2.34760397723 2.33636647684 2.33638450982 2.36234355818 2.31380695471 -0.147233472862 -0.0114938897011 0.016209620994 -0.0192319201127 -0.0043744322743 0.0589048622548 9.22834584581 -4.97535490255 2.32802818897 2.33837308953 2.35597338891 2.31291711995 2.35686689541
-10.2378938346 4.96960441085 2.23556547815 2.36156259982 2.32620594443 2.40284439175 2.38737088249 -0.0186498122266 0.0460401150807 0.0808548287593 0.0275301901631 -0.0113171021723 0.0589048622548 9.96080703523 -4.86706189987 2.32692962435 2.34108507617 2.36073613146 2.314538782 2.35620026306
-10.7559408864 5.79965772235 2.35966272275 2.37391323717 2.45394197235 2.27956174223 2.4014322247 -0.0301587905181 -0.0568025973313 0.0170841468365 -0.0486333385358 0.0883738244459 0.0589048622548 10.6886722864 -4.66463535632 2.32515312495 2.33773912699 2.36174247077 2.3116740419 2.36140591102
