-0.0332823660269 1.90385930464 2.40328026043 2.28636558496 2.32220876779 2.37471966857 2.30537704548 0.047085770234 -0.0698289052351 -0.0339857224039 0.018525178373 -0.0508174447094 1 0.5 0.5 2.40328026043 2.28636558496 2.32220876779 2.37471966857 2.30537704548
-0.042988822287 2.51029136023 2.38659686124 2.36864917299 2.2942642795 2.34901183541 2.4255830121 -0.0166833991898 0.0822835880291 -0.0279444882924 -0.0257078331526 0.120205966615 1 1.0 1.0 2.38659686124 2.36864917299 2.2942642795 2.34901183541 2.4255830121
-0.0163709883784 3.1549807446 2.36391192473 2.37266082511 2.23135911461 2.37662283567 2.5369618767 -0.0226849365062 0.00401165212053 -0.0629051648862 0.027611000253 0.111378864604 1 1.5 1.5 2.36391192473 2.37266082511 2.23135911461 2.37662283567 2.5369618767
0.0051654402856 3.76271000498 2.35436823025 2.32313051319 2.26501061381 2.31041871244 2.59528638361 -0.00954369448006 -0.0495303119174 0.0336514992013 -0.0662041232236 0.0583245069119 1 2.0 2.0 2.35436823025 2.32313051319 2.26501061381 2.31041871244 2.59528638361
-0.0266219119662 4.30500656105 2.36372437514 2.45371088955 2.28288561623 2.25892847222 2.63371183846 0.00935614488999 0.130580376363 0.0178750024182 -0.0514902402268 0.0384254548477 1 2.5 2.5 2.36372437514 2.45371088955 2.28288561623 2.25892847222 2.63371183846
-0.13614232104 5.13577468157 2.38828905261 2.39641949226 2.34911954935 2.24361509489 2.58747088829 0.0245646774654 -0.0572913972919 0.0662339331205 -0.0153133773298 -0.0462409501737 1 3.0 3.0 2.38828905261 2.39641949226 2.34911954935 2.24361509489 2.58747088829
0.115900619127 5.83729823164 2.33277688888 2.34884259528 2.32766192388 2.24680237453 2.59235735687 -0.0555121637264 -0.0475768969783 -0.0214576254651 0.00318727963958 0.00488646858645 1 3.5 3.5 2.33277688888 2.34884259528 2.32766192388 2.24680237453 2.59235735687
0.19541310456 6.40491849039 2.32164313321 2.31026367916 2.36440668345 2.15670066884 2.64511024336 -0.0111337556652 -0.0385789161266 0.036744759562 -0.0901017056862 0.0527528864903 1 4.0 4.0 2.32164313321 2.31026367916 2.36440668345 2.15670066884 2.64511024336
0.184383394034 6.9321242552 2.32721737998 2.2902949748 2.32058027169 2.11913434616 2.579074433 0.00557424676404 -0.0199687043588 -0.0438264117539 -0.0375663226767 -0.0660358103667 1 4.5 4.5 2.32721737998 2.2902949748 2.32058027169 2.11913434616 2.579074433
0.139371982281 7.88389030451 2.33648303901 2.26921592375 2.36745805085 2.18064585015 2.64176149323 0.00926565903127 -0.0210790510452 0.0468777791599 0.0615115039927 0.0626870602319 1 5.0 5.0 2.33648303901 2.26921592375 2.36745805085 2.18064585015 2.64176149323
0.49714965454 8.6362441309 2.29223491081 2.24633563111 2.27130939071 2.28285353304 2.65194730059 -0.0442481281975 -0.0228802926425 -0.0961486601396 0.102207682886 0.0101858073628 1 5.5 5.5 2.29223491081 2.24633563111 2.27130939071 2.28285353304 2.65194730059
0.10050905476 9.42451246718 2.34434910749 2.25384700524 2.30247816574 2.30595097167 2.66509710323 0.0521141966735 0.00751137412835 0.0311687750307 0.0230974386269 0.0131498026401 1 6.0 6.0 2.34434910749 2.25384700524 2.30247816574 2.30595097167 2.66509710323
-0.0266241465021 9.90048656135 2.35909081955 2.29860014423 2.29146657991 2.21113731737 2.69165354937 0.0147417120695 0.0447531389931 -0.0110115858306 -0.094813654299 0.0265564461389 1 6.5 6.5 2.35909081955 2.29860014423 2.29146657991 2.21113731737 2.69165354937
-0.0257910398854 10.5899086204 2.3587997816 2.36599021309 2.26248417441 2.22212757309 2.64111229346 -0.000291037958537 0.067390068863 -0.0289824054983 0.010990255721 -0.0505412559149 1 7.0 7.0 2.3587997816 2.36599021309 2.26248417441 2.22212757309 2.64111229346
0.0502581918234 11.1792159376 2.35145608469 2.36305055309 2.26009025214 2.17695007351 2.68005378448 -0.00734369690188 -0.00293966000353 -0.00239392227926 -0.0451774995796 0.0389414910226 1 7.5 7.5 2.35145608469 2.36305055309 2.26009025214 2.17695007351 2.68005378448
0.579156968252 11.6842545033 2.30498137886 2.31116403283 2.24946940027 2.12855117578 2.61775709936 -0.0464747058303 -0.0518865202603 -0.0106208518644 -0.048398897729 -0.0622966851179 1 8.0 8.0 2.30498137886 2.31116403283 2.24946940027 2.12855117578 2.61775709936
0.0634017447932 12.2179263707 2.35092013589 2.26546904492 2.20590461119 2.15453511978 2.60224527043 0.0459387570289 -0.0456949879131 -0.0435647890834 0.0259839439971 -0.0155118289258 1 8.5 8.5 2.35092013589 2.26546904492 2.20590461119 2.15453511978 2.60224527043
0.880871428781 12.1910263206 2.2869313275 2.27059990906 2.20947954611 2.05084005292 2.55902386948 -0.0639888083965 0.00513086414392 0.0035749349229 -0.10369506686 -0.0432214009555 1 9.0 9.0 2.2869313275 2.27059990906 2.20947954611 2.05084005292 2.55902386948
1.11724721271 11.0510973103 2.27293907157 2.25510787637 2.18697037239 1.90544688797 2.49758232749 -0.0139922559273 -0.0154920326881 -0.022509173722 -0.145393164949 -0.0614415419878 1 9.5 9.5 2.27293907157 2.25510787637 2.18697037239 1.90544688797 2.49758232749
0.886102727704 10.0218080539 2.29349649547 2.26961081349 2.12681129709 1.82344363066 2.47163138725 0.0205574238986 0.0145029371191 -0.0601590752985 -0.0820032573072 -0.0259509402368 1 10.0 10.0 2.29349649547 2.26961081349 2.12681129709 1.82344363066 2.47163138725
0.542853436958 10.3982003281 2.31962869026 2.17371254402 2.16737182846 1.86854034041 2.44467984265 0.0261321947942 -0.0958982694725 0.040560531371 0.0450967097442 -0.0269515446021 1 10.5 10.5 2.31962869026 2.17371254402 2.16737182846 1.86854034041 2.44467984265
-1.16391068786 10.5207863187 2.43108348406 2.1347709685 2.17973212018 1.86068003844 2.44425729799 0.111454793795 -0.0389415755151 0.0123602917164 -0.00786030197074 -0.00042254465778 1 11.0 11.0 2.43108348406 2.1347709685 2.17973212018 1.86068003844 2.44425729799
-1.49897708688 11.6760152726 2.44849390985 2.19895768958 2.20829890858 1.86227864506 2.40007865314 0.0174104257962 0.0641867210715 0.0285667884001 0.00159860662065 -0.0441786448537 1 11.5 11.5 2.44849390985 2.19895768958 2.20829890858 1.86227864506 2.40007865314
-1.35587475557 11.6073015944 2.43617542143 2.24752897836 2.16854625403 1.84977949627 2.36341277136 -0.0123184884282 0.0485712887849 -0.0397526545472 -0.0124991487818 -0.0366658817827 1 12.0 12.0 2.43617542143 2.24752897836 2.16854625403 1.84977949627 2.36341277136
-1.06545828442 13.3874347588 2.41650246299 2.25921002881 2.2161426093 1.81900773147 2.43729353467 -0.0196729584403 0.0116810504507 0.0475963552677 -0.0307717648011 0.0738807633158 1 12.5 12.5 2.41650246299 2.25921002881 2.2161426093 1.81900773147 2.43729353467
-2.72511539819 12.7807926327 2.50496945041 2.19005205128 2.18220847981 1.78432249162 2.50774702617 0.0884669874237 -0.0691579775323 -0.0339341294852 -0.0346852398494 0.0704534914924 1 13.0 13.0 2.50496945041 2.19005205128 2.18220847981 1.78432249162 2.50774702617
-1.80360751163 11.9664093576 2.45080543384 2.18355374163 2.11607527131 1.78905976576 2.48521168851 -0.0541640165659 -0.00649830965294 -0.0661332085074 0.00473727413337 -0.0225353376542 1 13.5 13.5 2.45080543384 2.18355374163 2.11607527131 1.78905976576 2.48521168851
-3.67085004695 9.44556649503 2.54267942433 2.22253086008 2.08399503081 1.68592571882 2.41349705123 0.0918739904851 0.0389771184588 -0.0320802404998 -0.103134046936 -0.0717146372853 1 14.0 14.0 2.54267942433 2.22253086008 2.08399503081 1.68592571882 2.41349705123
-4.20682280071 11.4563556612 2.56281130886 2.24894589034 2.03870064866 1.72952640993 2.50047041745 0.0201318845289 0.0264150302578 -0.0452943821422 0.0436006911099 0.0869733662221 1 14.5 14.5 2.56281130886 2.24894589034 2.03870064866 1.72952640993 2.50047041745
-5.14286654202 9.99095925548 2.60107154968 2.22697796525 1.9799478715 1.7301019804 2.48430169948 0.0382602408202 -0.0219679250953 -0.0587527771619 0.000575570468242 -0.0161687179658 1 15.0 15.0 2.60107154968 2.22697796525 1.9799478715 1.7301019804 2.48430169948
-5.89991806934 12.5424940284 2.62870799787 2.23324087368 1.97616305442 1.81757721546 2.52054879858 0.0276364481884 0.00626290843683 -0.00378481707828 0.0874752350596 0.0362470991003 1 15.5 15.5 2.62870799787 2.23324087368 1.97616305442 1.81757721546 2.52054879858
-6.13914192736 14.9603441712 2.6309527846 2.24746633658 2.07209343763 1.82681873946 2.50619444695 0.00224478672941 0.014225462898 0.0959303832057 0.00924152400438 -0.0143543516289 1 16.0 16.0 2.6309527846 2.24746633658 2.07209343763 1.82681873946 2.50619444695
-4.80487835443 15.5769009274 2.56359094913 2.21374272957 2.10067248184 1.74760918775 2.58894020095 -0.0673618354694 -0.0337236070102 0.0285790442156 -0.079209551713 0.0827457539979 1 16.5 16.5 2.56359094913 2.21374272957 2.10067248184 1.74760918775 2.58894020095
-5.2476327442 12.8367736046 2.57623867937 2.165786501 2.0170834808 1.69718538895 2.61069281049 0.0126477302472 -0.0479562285718 -0.0835890010462 -0.0504237987981 0.0217526095393 1 17.0 17.0 2.57623867937 2.165786501 2.0170834808 1.69718538895 2.61069281049
-6.35791626423 13.4042036491 2.61600622702 2.15088710622 1.94073681942 1.74694311358 2.67685429701 0.0397675476472 -0.0148993947793 -0.0763466613783 0.0497577246275 0.066161486517 1 17.5 17.5 2.61600622702 2.15088710622 1.94073681942 1.74694311358 2.67685429701
-4.06034524507 13.9336626649 2.51638413409 2.1560049641 1.9254220257 1.67371228215 2.76221553186 -0.0996220929335 0.00511785787589 -0.0153147937241 -0.0732308314278 0.0853612348492 1 18.0 18.0 2.51638413409 2.1560049641 1.9254220257 1.67371228215 2.76221553186
-5.91519293468 12.7971233875 2.58425680152 2.17004535804 1.90927273533 1.65652233207 2.71826339684 0.0678726674342 0.0140403939443 -0.0161492903683 -0.0171899500797 -0.0439521350156 1 18.5 18.5 2.58425680152 2.17004535804 1.90927273533 1.65652233207 2.71826339684
-5.27150825009 13.8149731386 2.55366050627 2.13649988641 1.96305750054 1.70985199354 2.65478744077 -0.030596295248 -0.0335454716322 0.0537847652147 0.0533296614644 -0.0634759560738 1 19.0 19.0 2.55366050627 2.13649988641 1.96305750054 1.70985199354 2.65478744077
-6.01341594613 12.5165011366 2.57601843184 2.08028921848 1.9702172381 1.67827731677 2.66565443427 0.0223579255646 -0.0562106679283 0.00715973755293 -0.031574676763 0.0108669935034 1 19.5 19.5 2.57601843184 2.08028921848 1.9702172381 1.67827731677 2.66565443427
-3.1803608771 13.8543622776 2.46887552816 2.08962638506 2.03990174262 1.65308209692 2.63426392932 -0.107142903677 0.00933716657958 0.0696845045251 -0.0251952198492 -0.0313905049519 1 20.0 20.0 2.46887552816 2.08962638506 2.03990174262 1.65308209692 2.63426392932
-3.01902122382 16.3599943324 2.4605187642 2.11269637587 1.98216124483 1.68206033211 2.73793207797 -0.00835676395551 0.0230699908081 -0.0577404977911 0.028978235184 0.103668148649 1 20.5 20.5 2.4605187642 2.11269637587 1.98216124483 1.68206033211 2.73793207797
-2.95052049134 17.8122526815 2.45570784689 2.10130150463 2.09404539554 1.61989289071 2.73446050174 -0.00481091731062 -0.0113948712418 0.111884150715 -0.0621674413983 -0.00347157622581 1 21.0 21.0 2.45570784689 2.10130150463 2.09404539554 1.61989289071 2.73446050174
-3.26372448621 18.4803287387 2.46374130513 2.08394925275 2.12081758692 1.59870136952 2.75543384273 0.00803345823753 -0.0173522518725 0.0267721913736 -0.0211915211931 0.0209733409913 1 21.5 21.5 2.46374130513 2.08394925275 2.12081758692 1.59870136952 2.75543384273
-3.96926562552 20.5195227475 2.4841201506 2.0590540228 2.15577864756 1.62851956445 2.78097461808 0.0203788454652 -0.0248952299513 0.0349610606387 0.029818194937 0.0255407753448 1 22.0 22.0 2.4841201506 2.0590540228 2.15577864756 1.62851956445 2.78097461808
-3.39741251354 20.5205317789 2.46316877467 2.03501190182 2.17901866321 1.62748970195 2.75549540166 -0.0209513759266 -0.0240421209782 0.0232400156538 -0.00102986250208 -0.0254792164181 1 22.5 22.5 2.46316877467 2.03501190182 2.17901866321 1.62748970195 2.75549540166
-3.04214290151 23.4440157356 2.44985833204 2.08545611007 2.20453201513 1.63512080353 2.77546782773 -0.0133104426268 0.0504442082464 0.025513351916 0.00763110158116 0.0199724260653 1 23.0 23.0 2.44985833204 2.08545611007 2.20453201513 1.63512080353 2.77546782773
-2.65458209905 23.2589347763 2.43615511731 2.06952028042 2.15938635554 1.65143477764 2.79184921109 -0.0137032147292 -0.0159358296531 -0.0451456595893 0.0163139741101 0.0163813833681 1 23.5 23.5 2.43615511731 2.06952028042 2.15938635554 1.65143477764 2.79184921109
1.37400083267 22.0207107591 2.31570153743 2.09180259804 2.17098888257 1.612874359 2.72055867086 -0.12045357988 0.0222823176206 0.0116025270319 -0.0385604186397 -0.0712905402305 1 24.0 24.0 2.31570153743 2.09180259804 2.17098888257 1.612874359 2.72055867086
5.28410700107 24.2796940112 2.20308977394 2.1257143313 2.20580230303 1.65636639314 2.68318919419 -0.112611763491 0.0339117332622 0.0348134204599 0.0434920341409 -0.037369476672 1 24.5 24.5 2.20308977394 2.1257143313 2.20580230303 1.65636639314 2.68318919419
5.10439764561 21.651650103 2.21131400551 2.05579255253 2.17782696288 1.6481991213 2.66787818798 0.00822423156936 -0.0699217787721 -0.0279753401472 -0.00816727184715 -0.0153110062152 1 25.0 25.0 2.21131400551 2.05579255253 2.17782696288 1.6481991213 2.66787818798
2.50939235404 23.908935513 2.28655357123 2.12719068678 2.21508669875 1.65790244798 2.60275797088 0.0752395657204 0.0713981342477 0.0372597358724 0.0097033266818 -0.0651202171004 1 25.5 25.5 2.28655357123 2.12719068678 2.21508669875 1.65790244798 2.60275797088
2.96527267784 22.4180226792 2.27546203472 2.11961105209 2.22628670704 1.61669415135 2.56986286604 -0.011091536511 -0.00757963468666 0.0112000082901 -0.0412082966261 -0.0328951048399 1 26.0 26.0 2.27546203472 2.11961105209 2.22628670704 1.61669415135 2.56986286604
5.35997236099 18.7622848128 2.2126807425 2.08812666702 2.17585342662 1.6066208994 2.53615801119 -0.0627812922181 -0.0314843850653 -0.0504332804238 -0.0100732519577 -0.0337048548477 1 26.5 26.5 2.2126807425 2.08812666702 2.17585342662 1.6066208994 2.53615801119
6.0654373873 15.4723321432 2.1966701653 2.04180855138 2.15280754035 1.59177880481 2.51319084797 -0.0160105772045 -0.0463181156477 -0.0230458862742 -0.0148420945881 -0.0229671632206 1 27.0 27.0 2.1966701653 2.04180855138 2.15280754035 1.59177880481 2.51319084797
4.66602231106 15.5200269345 2.2359274632 2.05741502355 2.15231383129 1.57538059452 2.50495482024 0.0392572979014 0.0156064721734 -0.000493709060584 -0.0163982102826 -0.00823602772615 1 27.5 27.5 2.2359274632 2.05741502355 2.15231383129 1.57538059452 2.50495482024
6.00887198229 15.0736001604 2.20385905555 1.98162121424 2.14954826877 1.57042352601 2.57227513474 -0.0320684076546 -0.0757938093145 -0.00276556251672 -0.00495706851042 0.0673203144959 1 28.0 28.0 2.20385905555 1.98162121424 2.14954826877 1.57042352601 2.57227513474
6.33804798106 15.7846117316 2.19828726558 2.00455993577 2.10612834173 1.58131200484 2.59798630522 -0.00557178996532 0.0229387215351 -0.0434199270434 0.0108884788215 0.0257111704827 1 28.5 28.5 2.19828726558 2.00455993577 2.10612834173 1.58131200484 2.59798630522
4.58725580885 14.35929213 2.24410892204 1.97563885385 2.11826854958 1.53319875087 2.61535435162 0.0458216564554 -0.0289210819184 0.0121402078527 -0.0481132539692 0.0173680463957 1 29.0 29.0 2.24410892204 1.97563885385 2.11826854958 1.53319875087 2.61535435162
4.57899298064 15.5881076374 2.24621573338 1.99656357133 2.12489736092 1.54899284359 2.59540050579 0.002106811339 0.0209247174824 0.00662881134384 0.0157940927236 -0.0199538458241 1 29.5 29.5 2.24621573338 1.99656357133 2.12489736092 1.54899284359 2.59540050579
6.06223576162 18.4469490787 2.21281547433 2.04071767642 2.08417730071 1.50459112296 2.71517163341 -0.0334002590499 0.0441541050829 -0.0407200602117 -0.0444017206263 0.119771127617 1 30.0 30.0 2.21281547433 2.04071767642 2.08417730071 1.50459112296 2.71517163341
6.22687704188 19.0073570093 2.21132544101 2.05560923927 2.0864708388 1.50835277955 2.69965878913 -0.00149003331757 0.0148915628556 0.00229353809311 0.00376165658684 -0.015512844277 1 30.5 30.5 2.21132544101 2.05560923927 2.0864708388 1.50835277955 2.69965878913
6.86587084942 19.4989915007 2.1989373333 2.07526497636 2.15241293466 1.44860120194 2.67526210536 -0.012388107712 0.019655737085 0.0659420958567 -0.0597515776118 -0.024396683777 1 31.0 31.0 2.1989373333 2.07526497636 2.15241293466 1.44860120194 2.67526210536
6.41354207682 15.0643775943 2.21172230881 2.10628766739 2.11432612816 1.37648389287 2.63747397919 0.0127849755155 0.0310226910278 -0.0380868064995 -0.0721173090685 -0.0377881261623 1 31.5 31.5 2.21172230881 2.10628766739 2.11432612816 1.37648389287 2.63747397919
9.98026830944 22.6738905353 2.13383169636 2.12580160021 2.20129008974 1.40321868192 2.69253503173 -0.0778906124469 0.0195139328211 0.0869639615837 0.0267347890486 0.0550610525395 1 32.0 32.0 2.13383169636 2.12580160021 2.20129008974 1.40321868192 2.69253503173
10.9708276014 21.8466971979 2.11517400212 2.13310208349 2.12613165114 1.44036950025 2.69930888839 -0.0186576942421 0.00730048328647 -0.0751584386066 0.037150818328 0.00677385665333 1 32.5 32.5 2.11517400212 2.13310208349 2.12613165114 1.44036950025 2.69930888839
13.7718590267 25.0146989182 2.05663827965 2.15850103985 2.11232500598 1.50122774992 2.71197342768 -0.0585357224743 0.0253989563612 -0.0138066451573 0.0608582496723 0.0126645392902 1 33.0 33.0 2.05663827965 2.15850103985 2.11232500598 1.50122774992 2.71197342768
13.764590572 22.3322573022 2.06140506195 2.13618563625 2.10826596004 1.46362767249 2.69439196792 0.00476678230067 -0.0223154036072 -0.00405904593825 -0.0376000774263 -0.0175814597589 1 33.5 33.5 2.06140506195 2.13618563625 2.10826596004 1.46362767249 2.69439196792
11.1762581231 24.8126129864 2.12161344382 2.19148796096 2.06088819733 1.5217067964 2.67321323409 0.0602083818692 0.0553023247081 -0.0473777627082 0.0580791239089 -0.0211787338286 1 34.0 34.0 2.12161344382 2.19148796096 2.06088819733 1.5217067964 2.67321323409
12.684593756 27.2852872008 2.09319143078 2.16178318337 2.10407529595 1.60190608029 2.63110151865 -0.0284220130348 -0.0297047775886 0.0431870986197 0.0801992838894 -0.042111715437 1 34.5 34.5 2.09319143078 2.16178318337 2.10407529595 1.60190608029 2.63110151865
9.22827287763 24.2544793478 2.16865787857 2.20110910754 2.12102172082 1.51724972273 2.56121104451 0.0754664477824 0.0393259241751 0.0169464248667 -0.0846563575582 -0.0698904741365 1 35.0 35.0 2.16865787857 2.20110910754 2.12102172082 1.51724972273 2.56121104451
12.9848632117 24.9034390028 2.09458148453 2.12322283885 2.19477287561 1.57672753511 2.51473614175 -0.0740763940374 -0.0778862686912 0.0737511547871 0.0594778123726 -0.0464749027639 1 35.5 35.5 2.09458148453 2.12322283885 2.19477287561 1.57672753511 2.51473614175
10.4536486997 26.9117347319 2.1493945787 2.10667098929 2.15683484225 1.66601849417 2.51082046715 0.0548130941722 -0.0165518495604 -0.0379380333589 0.0892909590657 -0.00391567459843 1 36.0 36.0 2.1493945787 2.10667098929 2.15683484225 1.66601849417 2.51082046715
11.5476878464 21.8496969216 2.13057426134 1.98035314592 2.12703104734 1.71097967972 2.49972796396 -0.0188203173579 -0.126317843365 -0.0298037949114 0.0449611855482 -0.0110925031959 1 36.5 36.5 2.13057426134 1.98035314592 2.12703104734 1.71097967972 2.49972796396
11.39293324 23.3566609853 2.13670613695 1.98893001964 2.11928715849 1.70295538523 2.53407963178 0.00613187560678 0.00857687371506 -0.00774388884553 -0.00802429449115 0.0343516678245 1 37.0 37.0 2.13670613695 1.98893001964 2.11928715849 1.70295538523 2.53407963178
10.9685909651 23.1854759224 2.14786506623 2.04119868077 2.099696179 1.72724112774 2.46418058409 0.0111589292827 0.0522686611296 -0.0195909794901 0.0242857425119 -0.0698990476895 1 37.5 37.5 2.14786506623 2.04119868077 2.099696179 1.72724112774 2.46418058409
12.2479318719 25.8613137884 2.12626341555 1.98982850173 2.20860223376 1.75662227411 2.42236434553 -0.021601650681 -0.051370179036 0.108906054757 0.0293811463739 -0.0418162385591 1 38.0 38.0 2.12626341555 1.98982850173 2.20860223376 1.75662227411 2.42236434553
14.8417523092 32.5372397242 2.08011084312 2.07371602519 2.22477114197 1.72262741027 2.5121194428 -0.0461525724278 0.0838875234522 0.0161689082154 -0.0339948638452 0.0897550972695 1 38.5 38.5 2.08011084312 2.07371602519 2.22477114197 1.72262741027 2.5121194428
18.0254085109 28.5212333513 2.02326013225 2.03355840924 2.19726780305 1.73014928015 2.48154059456 -0.0568507108734 -0.0401576159412 -0.0275033389266 0.0075218698785 -0.030578848243 1 39.0 39.0 2.02326013225 2.03355840924 2.19726780305 1.73014928015 2.48154059456
18.6563963023 32.0505087829 2.01567551621 2.06112341773 2.20134468724 1.77686312042 2.47690716836 -0.00758461603847 0.0275650084834 0.00407688419627 0.0467138402691 -0.00463342619484 1 39.5 39.5 2.01567551621 2.06112341773 2.20134468724 1.77686312042 2.47690716836
14.285441133 29.4050599042 2.10089695905 2.04890036359 2.16609614756 1.76014114952 2.45558609866 0.0852214428341 -0.0122230541353 -0.0352485396815 -0.0167219708969 -0.0213210697043 1 40.0 40.0 2.10089695905 2.04890036359 2.16609614756 1.76014114952 2.45558609866
16.0014202448 24.4073632774 2.07305071123 1.98901714457 2.17280215687 1.71932552718 2.44227662265 -0.0278462478125 -0.0598832190204 0.00670600930631 -0.0408156223352 -0.0133094760126 1 40.5 40.5 2.07305071123 1.98901714457 2.17280215687 1.71932552718 2.44227662265
19.6693306446 30.4539094318 2.01009917772 2.10448146028 2.23188999945 1.68899674209 2.42814684796 -0.0629515335179 0.11546431571 0.0590878425836 -0.0303287850944 -0.0141297746854 1 41.0 41.0 2.01009917772 2.10448146028 2.23188999945 1.68899674209 2.42814684796
18.4604080521 28.508193313 2.03622070137 2.04550510324 2.27727512143 1.67497409795 2.39705858001 0.026121523655 -0.0589763570413 0.0453851219762 -0.0140226441437 -0.0310882679531 1 41.5 41.5 2.03622070137 2.04550510324 2.27727512143 1.67497409795 2.39705858001
14.0614918152 39.0410648765 2.11718794495 2.12733963119 2.33153350631 1.65681843048 2.48428057584 0.0809672435775 0.0818345279469 0.0542583848831 -0.0181556674618 0.0872219958282 1 42.0 42.0 2.11718794495 2.12733963119 2.33153350631 1.65681843048 2.48428057584
13.4070767368 40.8767351078 2.13123758841 2.15442108502 2.31567728599 1.6322236029 2.52988537105 0.0140496434628 0.0270814538351 -0.0158562203176 -0.024594827582 0.0456047952109 1 42.5 42.5 2.13123758841 2.15442108502 2.31567728599 1.6322236029 2.52988537105
8.81930603514 37.3554724547 2.21065352169 2.14984927592 2.37429375309 1.61164060199 2.38683122768 0.0794159332839 -0.00457180910387 0.0586164671002 -0.0205830009113 -0.143054143366 1 43.0 43.0 2.21065352169 2.14984927592 2.37429375309 1.61164060199 2.38683122768
12.5615270231 32.4083792348 2.15055650408 2.05365172465 2.33066939934 1.59331815023 2.44783978424 -0.0600970176188 -0.0961975512663 -0.043624353753 -0.0183224517559 0.061008556558 1 43.5 43.5 2.15055650408 2.05365172465 2.33066939934 1.59331815023 2.44783978424
8.38723498905 21.6900522739 2.22099501226 2.02645576407 2.28284017872 1.54179933019 2.36683749236 0.0704385081849 -0.0271959605788 -0.0478292206232 -0.0515188200416 -0.0810022918809 1 44.0 44.0 2.22099501226 2.02645576407 2.28284017872 1.54179933019 2.36683749236
13.3285345958 22.3405624455 2.1427873742 2.05285961345 2.22617053151 1.5603486883 2.39414259034 -0.0782076380615 0.026403849374 -0.0566696472127 0.0185493581054 0.0273050979761 1 44.5 44.5 2.1427873742 2.05285961345 2.22617053151 1.5603486883 2.39414259034
13.5867084953 25.7402289212 2.14104392255 2.15617131825 2.23625202172 1.49250754547 2.40455967724 -0.00174345164603 0.103311704798 0.0100814902147 -0.0678411428269 0.0104170869093 1 45.0 45.0 2.14104392255 2.15617131825 2.23625202172 1.49250754547 2.40455967724
18.6590338682 33.5053548674 2.06199223907 2.22218845456 2.29057964753 1.50588206351 2.41708289439 -0.0790516834874 0.0660171363151 0.054327625807 0.0133745180369 0.0125232171491 1 45.5 45.5 2.06199223907 2.22218845456 2.29057964753 1.50588206351 2.41708289439
21.4794294996 36.5892196346 2.01970091191 2.2035965912 2.32309945777 1.50680039552 2.46493294093 -0.0422913271562 -0.0185918633592 0.0325198102423 0.000918332016101 0.0478500465412 1 46.0 46.0 2.01970091191 2.2035965912 2.32309945777 1.50680039552 2.46493294093
16.3871607641 38.640056263 2.1043476559 2.19522600853 2.31139999338 1.58042055682 2.42296652076 0.0846467439884 -0.00837058266763 -0.0116994643909 0.0736201612957 -0.0419664201762 1 46.5 46.5 2.1043476559 2.19522600853 2.31139999338 1.58042055682 2.42296652076
16.4754626619 33.897363474 2.1057129976 2.17982029011 2.31806398148 1.56708589191 2.34528020819 0.00136534170298 -0.0154057184246 0.00666398810311 -0.013334664908 -0.0776863125672 1 47.0 47.0 2.1057129976 2.17982029011 2.31806398148 1.56708589191 2.34528020819
15.8036310644 36.629276168 2.11870832081 2.14888685169 2.31272003175 1.64453310922 2.34433550258 0.0129953232051 -0.0309334384242 -0.00534394972814 0.0774472173035 -0.000944705609613 1 47.5 47.5 2.11870832081 2.14888685169 2.31272003175 1.64453310922 2.34433550258
19.996978527 40.3828914736 2.0571750345 2.11223333485 2.39501774665 1.66227607092 2.3523023821 -0.0615332863109 -0.0366535168356 0.0822977148999 0.0177429617009 0.00796687951379 1 48.0 48.0 2.0571750345 2.11223333485 2.39501774665 1.66227607092 2.3523023821
22.2864025011 34.4520525787 2.02526198253 2.06514288566 2.33623133718 1.64072695443 2.37198402796 -0.0319130519617 -0.0470904491923 -0.0587864094717 -0.0215491164907 0.0196816458684 1 48.5 48.5 2.02526198253 2.06514288566 2.33623133718 1.64072695443 2.37198402796
31.8868813863 31.7188288031 1.87802850967 2.05364899596 2.35244095818 1.62149503431 2.36760959569 -0.147233472862 -0.0114938897011 0.016209620994 -0.0192319201127 -0.0043744322743 1 49.0 49.0 1.87802850967 2.05364899596 2.35244095818 1.62149503431 2.36760959569
33.3657117676 39.2073427969 1.85937869745 2.09968911104 2.43329578694 1.64902522448 2.35629249352 -0.0186498122266 0.0460401150807 0.0808548287593 0.0275301901631 -0.0113171021723 1 49.5 49.5 1.85937869745 2.09968911104 2.43329578694 1.64902522448 2.35629249352
35.5618623671 38.8374658566 1.82921990693 2.04288651371 2.45037993377 1.60039188594 2.44466631796 -0.0301587905181 -0.0568025973313 0.0170841468365 -0.0486333385358 0.0883738244459 1 50.0 50.0 1.82921990693 2.04288651371 2.45037993377 1.60039188594 2.44466631796
