28.3319921894 8.77277319389 18.0263228367 22.2118968338 29.0730525448 7.90428934703 12.2197085255 26.0249202985 14.732819146 4.37131253049 0.3 0.185779514735 1.0 20.0277868694 39.7017227258 -1.38501681206
28.1551303143 9.36740755296 16.2902048347 20.949448093 28.9346032058 4.77952420021 11.4000149422 27.4986983286 15.5038598982 1.84480724249 0.3 0.119960359912 1.0 20.1007310923 39.4109113377 -1.26505645215
28.7256284158 9.73169856494 13.1588514528 22.7749072778 26.0696218571 5.47287599029 9.19979854334 28.9726071291 13.221877349 4.07626343493 0.3 0.0741076572662 1.0 20.2015438887 39.1284301914 -1.19094879488
28.88990367 9.71864297611 16.2117998521 22.2893641167 27.2062020161 5.79325962353 8.50604605503 27.1642267168 15.0208781019 2.59871389003 0.3 0.0336051363128 1.0 20.3174376455 38.8517351107 -1.15734365857
27.145760827 9.41142051945 15.5344105017 22.1254422092 27.6816992504 5.11488166813 11.414488253 26.1660869388 12.0840078495 3.75827253835 0.3 0.00193033660197 1.0 20.4382347612 38.577129887 -1.15541332197
26.9621407525 9.37131704056 15.099256098 21.0002368315 28.4523909788 6.53917401284 8.08050580384 27.3829306027 13.6822202769 3.52050099142 0.3 -0.0203924983943 1.0 20.5564898324 38.3014260255 -1.17580582036
26.9101178297 8.52156097305 16.0908631933 20.6968027256 26.8822158588 8.0907327556 9.96275801768 26.6467461749 13.6729830912 1.95405790535 0.3 -0.0386799192865 1.0 20.6665463084 38.0223626785 -1.21448573965
28.0967648706 9.43940049293 12.7590236786 22.475863792 25.897752 6.67935079132 8.23553918022 25.4123663022 12.9229808548 3.04702891634 0.3 -0.0604164685825 1.0 20.7626376635 37.7382164508 -1.27490220823
27.6726566526 10.3993412802 15.9531064246 20.6787930572 25.3862044018 5.93590487814 8.94233098565 23.9529837113 13.3732975905 4.22057939236 0.3 -0.0633971293241 1.0 20.8409643904 37.448674081 -1.33829933755
26.0786245709 9.62058317943 13.7248468261 20.1248658418 24.6994268518 5.45736785636 5.91798659967 26.6023887207 12.2439682625 1.45514891629 0.3 -0.0710070709861 1.0 20.8996686024 37.1545380465 -1.40930640854
26.1916552175 9.00602331315 15.2829609668 20.4184849594 25.0045885896 4.46641285137 7.04114702614 24.8019966914 13.026871269 4.33818127031 0.3 -0.072240070701 1.0 20.9371729626 36.8569573178 -1.48154647924
26.4208387819 7.99340838534 15.1442021828 18.7061476154 26.0161336895 5.80480690153 7.48135212895 24.6872750103 11.3781329026 3.30122621307 0.3 -0.0843758169199 1.0 20.9512821471 36.557378365 -1.56592229616
25.659077795 8.67878463978 13.4833869933 18.6628253304 24.6925399151 7.61917537704 7.219305078 23.5300102562 11.0124032358 4.16187906559 0.3 -0.0806598877541 1.0 20.9406504842 36.257648181 -1.64658218392
26.0823741437 8.92986915046 15.1221623838 19.2559585562 25.5174751303 6.22781328584 7.34438254129 24.8728406848 11.1429421932 3.49394845033 0.3 -0.0769118300301 1.0 20.9064608818 35.9596771855 -1.72349401395
25.1218635326 10.8666770351 12.7648370544 18.3337962112 22.3582663107 6.19988819841 6.30150099989 22.3339942468 10.5546042565 2.51389175017 0.3 -0.0775484719264 1.0 20.8493839489 35.6652334226 -1.80104248587
25.680424934 9.18379209752 11.1437061689 18.2461764408 23.9380537695 6.2750377495 7.91994164715 22.7513054286 12.1330408412 5.02971854989 0.3 -0.0678064973748 1.0 20.7710724712 35.3756944186 -1.86884898325
23.512663127 9.94512539886 12.4004966042 20.2317457099 23.5577208618 5.05381715671 8.18435222551 24.6480458754 9.61536668291 3.67513666091 0.3 -0.0663891057233 1.0 20.6735235813 35.0920552771 -1.93523808897
23.9503441226 10.5818595645 12.7300496382 19.0823401226 22.7466182498 6.81094954854 5.80836310436 22.8116479086 9.85458321818 3.39955568083 0.3 -0.0597377543115 1.0 20.5582891715 34.8151179747 -1.99497584328
24.5358789713 9.96551293137 11.2878714491 18.2327055353 23.357700864 6.37047321644 5.35932460889 23.1589430819 10.5326523026 4.23102681835 0.3 -0.0491268529885 1.0 20.4281522758 34.5448472049 -2.04410269627
23.6992470067 10.5426131974 13.6489428155 16.2887800019 22.8358193153 5.90498697794 5.54728238636 22.9581150149 9.16395082196 4.69584624443 0.3 -0.0514194229799 1.0 20.2845995406 34.2814600673 -2.09552211925
24.3904628483 9.841066018 11.1903954766 17.4429413414 21.2755011103 3.75416350862 6.08116616002 21.8419926394 9.23729416292 4.12549236452 0.3 -0.0494416138411 1.0 20.1279508885 34.0256420309 -2.14496373309
24.2463932904 9.59705159182 11.5069484233 15.9644469088 24.126482728 6.4191900103 7.03782474446 22.0731119417 8.82066400281 4.00851742248 0.3 -0.0483580568547 1.0 19.9589842666 33.7777857353 -2.19332178995
24.0836854807 8.92071081463 11.6333175665 16.9953677663 22.5995504476 5.31058327045 6.449409656 23.8618471213 8.09286167946 5.65840857316 0.3 -0.0334782441237 1.0 19.7800110028 33.5370365604 -2.22680003407
24.5347104856 7.85472808976 10.121574245 16.9156132776 21.4517532535 6.95914036091 4.93663435083 20.2439463657 8.73947848354 4.40700761992 0.3 -0.0310459903773 1.0 19.5933639212 33.3021841849 -2.25784602445
22.5366736719 9.07642394376 11.6905321701 16.2985934287 22.7040066291 6.11604262577 2.86888063207 19.8712201451 7.39607423114 8.33780335251 0.3 -0.0245914886565 1.0 19.4002537125 33.0726108593 -2.2824375131
21.0481317055 10.2131205635 10.2534424375 16.4773301746 22.0429387508 7.44650553167 4.71590807369 22.254830027 8.81988829959 5.60952712082 0.3 -0.0255473261661 1.0 19.2014499157 32.8479507705 -2.30798483927
22.15058791 8.73512720139 9.78352707563 15.2787234708 21.6536595081 5.11517963162 5.05721667612 20.6892071648 8.49506254522 5.4628961043 0.3 -0.0250327510216 1.0 18.9970284132 32.6283895043 -2.33301759029
21.2414161081 6.89246885755 8.20158285575 15.6248438962 21.4546908913 6.2626345243 5.01244397646 22.8838178533 6.69257784054 5.85879916783 0.3 -0.0150591687631 1.0 18.7882434816 32.4129663126 -2.34807675905
21.1973248108 8.85991005224 9.38695685928 14.7251491505 22.7416774793 6.34901874613 4.37712105609 20.5937619267 6.7626559839 7.21980413064 0.3 -0.0149538618718 1.0 18.5762494003 32.2007003653 -2.36303062093
20.0172996155 10.449693509 10.9202571653 13.7577318515 19.9513274556 7.92814903962 1.93934949404 20.9433544267 9.68164497456 6.45636700966 0.3 -0.00735966249527 1.0 18.3618988477 31.9908112652 -2.37039028342
19.5443490485 7.9516611279 8.84367522024 14.61873772 20.6552353681 6.29465312691 2.83411304985 19.5784170611 7.51159320548 5.84971453629 0.3 -0.00741938189912 1.0 18.1460031892 31.782511837 -2.37780966532
19.5667736092 7.88173077663 9.2571335942 14.3444115039 19.7379285088 7.66370533682 2.77530514551 20.2205417821 8.38838903607 7.08496623951 0.3 -0.00865102101234 1.0 17.9284409699 31.5759540499 -2.38646068633
20.5381734115 10.0156697842 8.54798452373 15.9808985687 19.9377900006 6.78577946613 4.96248634056 20.3567211196 8.82031800342 6.34004819755 0.3 -0.00444267505513 1.0 17.7095306176 31.3708245551 -2.39090336139
20.3368361706 9.04585157387 6.92380269281 14.1753700394 20.7866155342 8.29664551741 3.23211954813 20.2074624099 8.9283356968 6.86122187743 0.3 -0.00817571007937 1.0 17.4893308616 31.1670806812 -2.39907907147
20.1411237844 7.85060344376 6.40658233816 13.2095606332 18.9924854682 6.98067199367 3.4437838264 19.3959706435 6.93432618322 7.38905625573 0.3 -0.0102124227494 1.0 17.2672675505 30.965370236 -2.40929149422
20.5599788912 7.82469632675 7.62412296887 13.4939465094 18.4096555473 7.1146960739 3.43066186407 19.6522013623 5.49680818569 8.13335133907 0.3 0.00219241815743 1.0 17.0443962439 30.7645510522 -2.40709907606
19.4730004186 8.98608212863 7.2098638334 12.8653433778 20.821241253 8.23515816133 2.24332941179 18.0052435001 7.63842804255 9.65051562435 0.3 -0.000716913638928 1.0 16.8216731128 30.5635674632 -2.4078159897
19.769442974 8.92136445373 5.41182956018 14.9813136445 18.8071609521 8.02460424275 4.60697667288 19.2931260019 8.14289561 6.41797293417 0.3 -0.00384728243266 1.0 16.5984920307 30.3630927926 -2.41166327213
18.4209274798 8.20791847834 4.93865839014 12.1040791237 17.2141522217 6.36386164112 3.0545798138 20.0380241697 7.71840701304 8.39334530364 0.3 0.00790600662812 1.0 16.3757186863 30.1621660191 -2.4037572655
19.2487779466 9.992162674 7.25475661596 12.7091025888 17.4453410597 8.08648725007 3.94352182937 20.1106814273 6.59951520183 8.39802293886 0.3 0.000680656723407 1.0 16.1538094642 29.9602841387 -2.40307660878
18.0764709589 9.40952691953 5.76671941091 12.0199763604 17.4151370912 6.94929090008 5.00736201707 18.9313494012 4.40770115416 10.3874308558 0.3 0.0021325934681 1.0 15.9321844712 29.7580903495 -2.40094401531
18.9898033961 7.44898085479 6.71958609875 11.8532810423 16.5395268972 7.99959091088 3.61435080234 19.6786151889 5.34276825545 8.83928682787 0.3 0.00100585462206 1.0 15.7108770058 29.5555490002 -2.39993816069
17.4778011135 11.4528488946 6.79121285005 12.5908815309 19.5405488392 7.68314332353 3.09166570239 16.154659083 7.32735241306 9.72502768995 0.3 0.00327815410889 1.0 15.4900039818 29.3525341568 -2.39666000658
17.8894249032 9.49508367584 4.66098577647 12.2471351611 17.8874158561 8.90023801064 3.99325280439 18.626704408 7.86559493717 9.6872840687 0.3 0.00984529505768 1.0 15.270468619 29.1480751205 -2.38681471152
17.7719107563 8.59703797428 5.42806516567 10.6204867025 17.6937034543 8.69558211143 3.69231347321 17.3643943976 7.05123864095 9.7080475715 0.3 0.0241956526839 1.0 15.0544492735 28.9399135205 -2.36261905884
16.8308780834 9.19274030048 3.52729085513 11.2662465743 18.2598127354 9.14453149928 3.90429038607 18.7395552347 5.90275250096 11.3252602463 0.3 0.00637442462829 1.0 14.8416319652 28.7284697016 -2.35624463421
16.2694604824 9.36492699172 4.73506382205 12.0699916968 17.6736667439 9.97699030704 5.82913225113 17.6870580976 6.14211509827 10.5664134278 0.3 0.0137903023972 1.0 14.6309586038 28.5148922952 -2.34245433181
18.0830923505 11.8972797819 4.64377771994 12.4555564279 17.6860827279 7.57920778718 5.97568858318 18.0861661709 6.49032984084 13.0816181273 0.3 0.017664067373 1.0 14.4236711816 28.2980292406 -2.32479026444
17.6715616684 8.02024032263 5.19446327302 9.96013843253 16.648450325 11.3343937315 5.34357686124 17.9401096141 5.91306675927 10.9514545899 0.3 0.00631780697949 1.0 14.2189966697 28.0786937787 -2.31847245746
16.0869957956 10.8336716401 2.15021591515 9.52544930816 17.7079389244 9.01168609224 4.0755572055 19.0428541252 7.70418704676 11.0437810796 0.3 0.0160679386035 1.0 14.0167917602 27.8570832234 -2.30240451886
15.3218523412 10.9360257403 1.17839262046 11.5855504691 16.8277134419 10.970733232 7.75394617768 16.6023079705 7.01206095908 12.4515680483 0.3 0.022572418597 1.0 13.8189079494 27.6316099963 -2.27983210026
17.3428575331 11.0587587987 1.9837872257 10.6492665448 15.8686783949 10.8414309418 6.37453447936 14.9313414779 7.22204430115 12.2906689902 0.3 0.0269692613048 1.0 13.6266711805 27.4013067836 -2.25286283895
14.3308819302 10.5923600793 4.44114779302 9.28080720701 16.9681622893 11.0361635542 5.25890181883 17.4534932856 7.4056783875 13.3891658804 0.3 0.0227099342213 1.0 13.4402121212 27.1662979514 -2.23015290473
14.1019622621 8.73987807334 3.3231553114 10.9068422532 15.6151374179 10.6427689871 5.91173314673 17.753410185 6.12879501494 13.481534926 0.3 0.0339046928787 1.0 13.2604840887 26.9261121625 -2.19624821185
14.4904661875 10.7725527899 1.44584163686 8.92313475034 14.8619675485 12.0536277637 5.51151070301 15.5480518759 7.55594666547 13.8602116652 0.3 0.0232470845797 1.0 13.0876876354 26.6808830195 -2.17300112727
13.2786994092 9.41862900102 1.96661410317 9.83290974794 15.6752147702 10.2925321831 7.22815540128 16.7184027321 7.65640101126 12.3741305907 0.3 0.0188900478656 1.0 12.9200944936 26.4320660936 -2.15411107941
13.5494261417 12.3566082486 4.48851525715 9.39001032201 13.5684688557 13.2717433376 6.7968166008 17.1494551874 7.83238849604 14.1794654023 0.3 0.0225311638494 1.0 12.7576910949 26.1798334059 -2.13157991556
14.9673223559 11.1281063152 2.04828166593 8.85411082765 14.4317512235 12.3464375198 8.07213159018 17.3733906988 8.30779177632 13.9857614571 0.3 0.0373294863139 1.0 12.6029144253 25.9228631121 -2.09425042925
14.2902932192 11.1477365522 2.56480193029 11.4562110266 15.88946856 12.3689870709 7.69397128592 17.0750855655 7.05840923197 12.4970319384 0.3 0.040110735025 1.0 12.4582024964 25.6600963111 -2.05413969422
13.3697047924 11.0342394619 3.77968480113 8.43641097948 15.3441223755 12.8648055069 7.71835299611 14.2902306568 8.37249595177 15.288594621 0.3 0.0372827680629 1.0 12.3237633607 25.3919252943 -2.01685692616
13.5336159173 10.9541111856 3.33175105689 5.88725589152 12.8947189361 12.855409043 8.99215280349 14.4449793121 9.01254102119 15.2037912049 0.3 0.0400599368975 1.0 12.1997937983 25.1187595712 -1.97679698926
12.373587492 13.8644840784 3.09171752817 7.89641674668 14.0919303089 13.4044669542 8.14107727986 16.3338321896 7.70342596437 14.8042191311 0.3 0.0427723106386 1.0 12.087241828 24.8406978267 -1.93402467862
11.2854805013 10.8154630753 2.52116005426 7.78816150489 14.2705017685 12.5562385015 9.35028031789 16.3966277565 8.18554742956 15.2515197188 0.3 0.0375631170809 1.0 11.9859449787 24.5583357074 -1.89646156154
12.234444155 12.6425402202 0.453301473065 7.41395841325 11.5721693717 14.5356672421 8.39225214865 14.9884785261 9.45254863718 16.9576990339 0.3 0.0469742491162 1.0 11.8966730873 24.2719548748 -1.84948731243
12.0505111026 11.6094271158 3.55805087883 5.61370287282 12.3908012555 12.4380850988 9.96639345811 12.8055650279 9.30837534285 15.2967567692 0.3 0.0455880031645 1.0 11.8207456769 23.9817490126 -1.80389930926
13.4366188202 15.1906512659 3.91433061113 7.03820608643 13.2404052257 14.9631890857 9.75900521974 14.4937283996 8.0393149082 17.2536525702 0.3 0.0377061772653 1.0 11.7569650957 23.6886255322 -1.766193132
13.0186453787 14.0559079487 4.87867452756 7.30384251877 11.4552122555 14.7043437928 9.78589885703 14.10794985 8.20504509852 16.3207171842 0.3 0.0469826315724 1.0 11.7056517969 23.393074536 -1.71921050042
10.5448310225 14.0606569047 3.55989680745 6.64523761113 13.1346896004 15.7988206542 11.2912732862 15.2179774936 9.26498546817 15.5654973698 0.3 0.0553831289076 1.0 11.6695275375 23.0952960352 -1.66382737152
10.9773792065 13.1773417213 4.70746834906 6.77023085794 12.8104619723 13.932297846 10.464172748 13.5380743288 6.65495389239 17.6797904856 0.3 0.0433939464534 1.0 11.6481471384 22.7960824716 -1.62043342506
10.7447282704 15.3116212739 4.67236064321 3.60503213231 12.3014520466 14.8188122633 10.5147610544 11.9238649477 9.0158423963 14.0533459528 0.3 0.0452753446942 1.0 11.6400489864 22.4962174235 -1.57515808037
8.72227057832 15.4360056483 5.54757221537 5.36149816493 10.8427023243 15.7017735564 9.74525147999 14.8139957264 10.3479155571 18.5333814887 0.3 0.0443690564113 1.0 11.6453950972 22.1962896731 -1.53078902396
10.0528345718 14.7625087086 4.44730136682 6.32839210649 10.7638761937 16.1065672587 11.0505156402 13.6253693256 8.44502857643 17.5383632511 0.3 0.0505221196295 1.0 11.664959626 21.8969602773 -1.48026690433
11.5438775895 13.4425744727 6.09073082344 4.59825342102 9.12425982858 15.9194707596 10.172128911 13.4154243252 8.25018204765 18.6117074768 0.3 0.0333106018177 1.0 11.6970520246 21.5986957029 -1.44695630251
9.93378619978 17.1201402628 6.94387008158 5.87227110615 8.96893528822 16.8954323764 11.2893804707 13.4429818992 11.5970394662 18.4898528591 0.3 0.0313692254496 1.0 11.7387720301 21.3016232182 -1.41558707706
6.65030142506 17.4715846474 5.51599185166 5.00438794147 9.30651193443 15.4970438722 11.882744841 13.1746553246 9.53997598278 19.0077312489 0.3 0.0260930594748 1.0 11.7890095095 21.0058681009 -1.38949401758
9.98808634514 17.4821501202 6.65086044342 4.10731851572 10.7159424712 17.5391458759 10.264954385 12.2790870613 9.80424966968 20.2411737557 0.3 0.0157258092299 1.0 11.8454206479 20.7112226721 -1.37376820835
8.81803821915 15.7697583599 7.44119655204 4.17789197709 11.4332815483 16.1844638588 12.5265501335 12.4690209291 10.4166702652 19.990757058 0.3 0.0146826152099 1.0 11.9063050258 20.4174685646 -1.35908559314
9.54636794856 18.1156328851 6.25433682307 4.16907359577 9.76026572935 16.6943348734 11.1438642495 11.4014985548 9.79539199591 16.4616845774 0.3 0.0099777313014 1.0 11.9708070345 20.1244860664 -1.34910786184
8.69713820712 17.5484701052 6.99778207519 3.47478092311 10.1050450702 18.828845851 11.7775735397 10.9874098391 10.5174004941 17.8573815954 0.3 0.00498595628917 1.0 12.0374994744 19.8319934477 -1.34412190555
7.20671929636 16.9202059568 7.15896146106 5.10707311099 9.82891916364 18.6007776897 12.1071171124 8.3912433329 8.24479327828 19.3844005534 0.3 -0.00866573004782 1.0 12.1036535098 19.53937923 -1.3527876356
7.9354414517 18.8759616848 7.03415672535 3.91686325085 10.1385161687 16.41134544 13.7639976124 11.0875357544 10.4961531873 18.8623577036 0.3 0.00403610048303 1.0 12.1691301813 19.2466119448 -1.34875153512
8.51371616134 20.812509643 6.49252014124 3.21306708433 9.47374821021 17.8826055652 11.9226791092 11.5235730228 9.40675058914 20.444739127 0.3 -0.00743264922506 1.0 12.234109454 18.9537343598 -1.35618418434
6.7646665982 18.3557062444 6.77290260536 2.88462221096 9.23969637074 19.718541719 12.6917349467 9.57971633148 10.7933021527 19.4064399792 0.3 -0.0158759362858 1.0 12.2956706053 18.6601218016 -1.37206012063
6.60344990084 20.0508707752 7.22399794478 3.9318248167 7.60472786937 18.1192790062 12.90269668 11.6863306867 12.4348979963 21.6640153074 0.3 -0.0286753544583 1.0 12.3506753085 18.3652178923 -1.40073547509
6.63120160285 21.3465894634 5.49286193887 3.94665168358 8.26854824313 19.0871138417 15.3850203733 12.6685632804 10.7057032246 19.6397433643 0.3 -0.0307375224803 1.0 12.396896251 18.0688118553 -1.43147299757
7.14663086499 18.5446541661 6.64337583751 1.12799617283 7.21805443061 19.6049951886 13.1489073632 11.2162166045 11.8857954092 21.0807419184 0.3 -0.0166521727623 1.0 12.4360826701 17.7713856546 -1.44812517033
5.19310187545 18.9043975218 10.3520199627 2.71880087564 6.20075489892 20.0183524653 14.342618948 9.42521611995 11.392072737 19.4218779416 0.3 -0.0202720954117 1.0 12.4697714129 17.4732883778 -1.46839726574
6.40309850336 19.3135902167 7.89357270886 3.43143657942 8.21605807833 20.7579026439 14.2547049146 10.7126850655 12.5829893809 22.3750374593 0.3 -0.00858198603805 1.0 12.4991565504 17.1747319153 -1.47697925178
6.62430781722 20.5802097338 8.98813611328 4.68456149744 6.76386646801 20.714623456 13.7219925657 10.2188981321 10.890308387 23.4411173871 0.3 -0.014727224068 1.0 12.5250600587 16.8758550483 -1.49170647585
4.83875274126 21.7362874867 8.50583167975 3.25475259234 5.92434523409 20.7941170939 13.6949733549 9.85908751175 11.0628042328 21.6942965507 0.3 -0.00349338579994 1.0 12.548239868 16.5767520478 -1.49519986165
4.85723817755 20.844773664 10.7737904254 4.3298689472 7.91041080339 22.5186848108 15.6306813129 8.72149365252 11.2131854229 21.6106609094 0.3 -0.00668735087984 1.0 12.5698968099 16.2775353346 -1.50188721253
7.6011930162 21.5571753663 7.16300511172 4.49780086325 4.70342648936 22.1377989879 15.1940500611 8.73856323975 12.045507055 22.7409075987 0.3 0.00842276116804 1.0 12.5918133514 15.9783378528 -1.49346445136
5.04861656814 21.3921258977 10.6483764534 4.58344265216 7.07444389789 22.6817777915 15.3985079911 8.50010107444 13.9312526629 22.678945107 0.3 0.0145477061673 1.0 12.6171645763 15.6794135678 -1.47891674519
4.6021357785 21.5222242744 9.24080308038 2.80979476238 4.71460268536 23.2317015987 16.5492662199 7.48714166021 10.7712792867 22.2848160072 0.3 0.0293603142954 1.0 12.6490708871 15.3811259175 -1.4495564309
6.0669390221 21.9756547624 10.6706443679 4.8727089232 4.41544711409 20.936692308 15.1810222286 9.25395712504 13.6477867476 22.7084874647 0.3 0.028191085203 1.0 12.6895463537 15.0838789222 -1.42136534569
5.69715003451 22.5833231033 9.36835462855 3.81484660557 3.80365013144 23.7505321071 14.5406034019 8.42814424933 11.8164323184 23.2110946451 0.3 0.0387069844501 1.0 12.7399384737 14.7881604783 -1.38265836124
3.55834755769 23.4877654369 11.1986380531 4.78073254378 5.81031193159 23.7185606396 17.6697988195 6.41003026273 14.0462684173 26.1971191022 0.3 0.0430743018745 1.0 12.8023762893 14.4947535858 -1.33958405937
3.45475426091 24.3438885419 12.1840507526 5.18709843015 3.8674738561 23.1283347335 16.7597770296 7.9595645494 14.986029982 23.0734496684 0.3 0.0535977570635 1.0 12.878914538 14.2047184963 -1.28598630231
3.64564120118 23.1705969523 11.6972505036 5.73612094696 3.28041445535 22.8395619694 17.7627976709 8.76104820968 14.0897006593 25.2998024953 0.3 0.0603611659565 1.0 12.9718426912 13.9195220102 -1.22562513635
2.72210845887 23.6348975211 11.0703694995 6.43613747349 5.35014486076 26.049608916 15.6633653665 8.06407951486 14.0485295314 24.1297607506 0.3 0.0633346249346 1.0 13.0822190362 13.6406188336 -1.16229051142
2.79677730294 23.7260429549 10.7456394214 4.62306969317 3.12486256064 23.0138175185 16.5786751289 7.4017456809 14.1964859835 24.1761246413 0.3 0.0629097943288 1.0 13.2099691433 13.3692330718 -1.09938071709
1.57523108993 24.0247010992 11.8825011721 6.46496559645 3.4719932791 23.5313212956 16.8111896876 9.3816135291 14.8070186601 25.8696085842 0.3 0.067766802796 1.0 13.355162089 13.1067743679 -1.03161391429
2.79182978608 23.0173795844 11.5743204183 5.86930929976 2.59106633384 24.7437322036 17.4227811305 5.90312633246 16.5179335247 24.7370879788 0.3 0.05656696365 1.0 13.5163896469 12.8538283687 -0.975046950641
6.34408255934 24.7301732766 13.7517561147 6.98809589163 2.9604843902 24.2499920812 18.6347484589 7.8208903674 14.8233775927 24.4837677036 0.3 0.0587551774484 1.0 13.6919244649 12.610596711 -0.916291773192
2.43379052106 23.8256342443 12.234697611 6.31027488467 2.90017202558 25.4100609177 17.7068667164 6.56759811634 14.9229574848 25.9926312772 0.3 0.0686605425655 1.0 13.8825784441 12.3790460497 -0.847631230627
5.88712003881 24.4684299416 13.9499619866 5.66848407107 5.29486397641 24.9092558456 19.1858749817 6.77076511342 14.3430688096 25.0611380528 0.3 0.0671797806555 1.0 14.0885094302 12.1609667392 -0.780451449971
3.58318397972 24.3273867108 13.2136985509 7.03467176433 4.95867792445 25.2948838007 18.8725702555 7.85721112218 15.5658704901 24.8086044655 0.3 0.0616958402894 1.0 14.3080623237 11.9565945719 -0.718755609682
2.46955513653 25.6239471996 12.8548962155 5.48478693087 3.58483200127 25.1864804036 17.7589604379 6.1189557067 15.6167148441 25.8471225004 0.3 0.0504977628463 1.0 14.5387405464 11.7648436033 -0.668257846835
5.21623885128 27.2112492037 12.5731998753 6.22458325 3.17912615361 23.8899493594 18.9877900105 5.43326445408 14.083699312 25.4586949536 0.3 0.0556470583861 1.0 14.7792604035 11.5856036069 -0.612610788449
3.70728106683 26.7807523274 15.0901915542 8.22520076299 3.62366485377 26.0504863167 16.9055091952 6.36707214509 14.7492540056 26.6333186043 0.3 0.0428094986174 1.0 15.0283221086 11.4184075453 -0.569801289832
3.32515077425 25.2852914373 14.7021634259 8.2640740846 1.83161376038 24.7776021581 18.8146191292 3.16456445128 14.530127076 25.007327666 0.3 0.0379121471649 1.0 15.2839315299 11.2613946661 -0.531889142667
4.6804500423 27.5385673415 15.2863112807 9.36292631005 2.03306878208 26.2217778061 19.5952110744 4.24781026567 15.438357415 27.3068539969 0.3 0.0371346490145 1.0 15.5452519323 11.1140810367 -0.494754493653
5.02936274318 25.547455596 14.7689956764 6.37427965163 4.86800221569 27.2689190149 18.6568356835 4.37822082576 15.3498850633 26.1123960828 0.3 0.0387673819522 1.0 15.8119721527 10.9767891841 -0.4559871117
6.77411081159 25.8483594529 14.0933197191 6.89732339372 4.1602778196 27.3422281819 18.7367008821 4.64279764021 14.1850546875 26.5384879061 0.3 0.0363396585535 1.0 16.0836609666 10.849607092 -0.419647453147
5.15600017333 26.2317975188 15.224149933 7.26300498949 2.86163153462 26.5120365892 20.0024821853 5.86878868511 16.4597079991 27.2918960015 0.3 0.0205058333358 1.0 16.3588647443 10.7301929927 -0.399141619811
4.69969406748 27.4202483071 16.4153272381 7.63507699108 2.03526695141 29.0943808264 20.3336612644 4.42659536926 16.3754996738 26.4067933518 0.3 0.0270949808045 1.0 16.636828783 10.6173635315 -0.372046639007
7.88836816144 26.4029828532 13.3590640863 9.40597999351 1.78477950658 26.8514064972 20.446669815 3.60578170388 14.8532635324 27.6414773954 0.3 0.0259734200164 1.0 16.9176891599 10.5119482142 -0.34607321899
5.57168675067 28.6724822042 15.1640938553 9.90655730752 5.55097227095 28.0187868942 18.9259308012 4.89773872009 16.0995142346 29.9221475191 0.3 0.0284825399868 1.0 17.2013137104 10.4142188423 -0.317590679003
6.19517158975 26.9036304616 14.9368819136 8.23164280333 2.62789316627 27.8086200741 22.2694532377 4.65120185314 16.1386820127 26.041579057 0.3 0.0268507268751 1.0 17.4875342932 10.3243724685 -0.290739952128
7.21992426063 25.8463088476 15.1056920282 9.08632562564 4.32384943539 25.9685456599 18.5037048406 4.36561341631 15.0229808775 25.8063162539 0.3 0.0231020504597 1.0 17.7759116603 10.2417014855 -0.267637901669
6.74761357833 27.6560232287 16.892260727 8.94549426931 3.71417116429 27.0139544606 20.6027722534 3.41036101872 15.9849882464 26.5685704605 0.3 0.0235299225324 1.0 18.0661377845 10.1657762296 -0.244107979136
7.06017864235 28.2797372273 15.3682616388 9.66069947567 1.67222378448 27.6862179324 19.822928645 4.01507567747 14.2262649224 27.7258096745 0.3 0.0016435940699 1.0 18.3573032309 10.0935082385 -0.242464385066
8.45621897721 27.3921326668 16.6119349413 8.18340695371 5.20269427449 27.927178334 21.5990150149 4.37498607793 14.8293986201 27.7183444808 0.3 0.019965815595 1.0 18.6492276851 10.0243915015 -0.222498569471
8.16859332834 29.3998715648 15.3804377456 8.79261175192 6.10962010058 25.7496943442 22.2432623999 3.95424293878 13.7148396352 26.6570283793 0.3 0.016511911843 1.0 18.9423656651 9.96061000051 -0.205986657628
8.11610518539 26.0920827051 17.2401436241 8.48268902281 5.55495510913 27.782187692 19.2288456558 2.09912788479 15.9104429839 27.0390523148 0.3 0.013501642328 1.0 19.2364288638 9.90123434899 -0.1924850153
7.49452646469 28.4524454625 15.8714146864 11.1176178351 6.44795448118 26.8661569397 21.7349184778 4.86618279484 16.3827445729 29.6256633577 0.3 0.00408752195166 1.0 19.5310049002 9.84444673147 -0.188397493349
8.88854804851 29.3553183415 15.1795060828 9.89868668331 2.03494955663 26.8859866382 22.4619613815 3.51939803346 15.119555483 30.4642278332 0.3 0.00363023385255 1.0 19.8257979225 9.7887962587 -0.184767259496
9.4516191932 29.2716178368 17.0707087783 10.5398216215 4.15419997963 27.5863803134 20.4260983519 4.07894250862 14.7997444013 27.9155522435 0.3 0.0191415981098 1.0 20.121201107 9.73650657879 -0.165625661386
11.1757924479 28.4899017624 16.4906279411 11.0803363281 6.76500780181 26.617382172 19.9048984942 2.05883585051 16.2362992503 28.9696670919 0.3 0.0160345356263 1.0 20.4174795789 9.68942007499 -0.14959112576
11.6043176324 28.391731542 16.6073865161 11.5098309631 6.74067839301 28.2253448635 19.880465531 2.87767192066 15.3677995709 28.147067587 0.3 0.00223683451698 1.0 20.7141789651 9.64504173911 -0.147354291243
10.2994996545 29.2362319601 17.1624281668 11.6590560129 4.88132055818 30.352192655 20.2175296542 4.75695593279 14.4057241138 27.0503565234 0.3 0.00990424388017 1.0 21.0111411313 9.60246550026 -0.137450047363
